n = 6, k = 10, i = 1

Minimum sum: 45

All solutions with sum 45:

1-intersecting regions:
[[5 5 5 5 5 5]]

2-intersecting regions:
[[1 1 1 1 1 1 1 1 1 1 1 1 1 1 1]]
Elapsed time: 0.07857894897460938 seconds.
n = 6, k = 10, i = 2

Minimum sum: 30

All solutions with sum 30:

2-intersecting regions:
[[2 2 2 2 2 2 2 2 2 2 2 2 2 2 2]]
Elapsed time: 0.08495950698852539 seconds.
n = 6, k = 10, i = 3

Minimum sum: 25

All solutions with sum 25:

2-intersecting regions:
[[1 3 1 ... 3 0 1]
 [1 3 1 ... 3 0 1]
 [1 3 1 ... 3 0 1]
 ...
 [2 2 1 ... 1 1 1]
 [2 2 2 ... 1 1 1]
 [2 1 1 ... 1 1 1]]

3-intersecting regions:
[[0 0 0 ... 0 0 2]
 [0 0 0 ... 1 0 1]
 [0 0 0 ... 2 0 0]
 ...
 [1 0 1 ... 1 0 0]
 [1 0 1 ... 0 0 0]
 [1 0 1 ... 0 0 0]]
Elapsed time: 48.59546971321106 seconds.
n = 6, k = 10, i = 4

Minimum sum: 20

All solutions with sum 20:

3-intersecting regions:
[[2 2 0 ... 2 2 2]
 [2 1 1 ... 2 1 1]
 [0 0 0 ... 2 2 0]
 ...
 [2 2 1 ... 1 1 1]
 [1 1 2 ... 0 0 2]
 [1 1 1 ... 0 1 2]]
Elapsed time: 0.6337988376617432 seconds.
n = 6, k = 10, i = 5

Minimum sum: 18

All solutions with sum 18:

1-intersecting regions:
[[0 0 0 0 0 0]
 [0 0 0 0 0 0]
 [0 0 0 0 0 1]
 ...
 [0 0 0 0 0 0]
 [0 0 0 0 0 0]
 [0 0 0 0 0 0]]

2-intersecting regions:
[[0 0 0 ... 0 1 0]
 [0 1 0 ... 0 0 0]
 [0 0 0 ... 0 0 0]
 ...
 [0 0 0 ... 0 0 0]
 [0 0 0 ... 0 0 0]
 [0 0 1 ... 0 0 0]]

3-intersecting regions:
[[0 0 0 ... 0 1 0]
 [0 0 0 ... 1 1 1]
 [0 0 2 ... 0 0 0]
 ...
 [0 1 1 ... 0 1 1]
 [0 1 1 ... 1 1 0]
 [0 0 1 ... 1 1 0]]

4-intersecting regions:
[[0 0 1 ... 0 1 0]
 [0 1 0 ... 0 1 0]
 [2 0 0 ... 0 0 1]
 ...
 [0 0 0 ... 1 1 0]
 [0 0 0 ... 1 1 0]
 [0 0 0 ... 0 1 1]]

5-intersecting regions:
[[0 0 1 0 0 0]
 [1 1 0 0 0 0]
 [0 0 0 0 0 0]
 ...
 [0 0 0 0 0 1]
 [0 0 0 0 0 1]
 [0 0 0 0 0 1]]

6-intersecting regions:
[[0]
 [0]
 [0]
 ...
 [0]
 [0]
 [0]]
Elapsed time: 2753.5395109653473 seconds.
n = 6, k = 10, i = 6

Minimum sum: 15

All solutions with sum 15:

4-intersecting regions:
[[1 1 1 1 1 1 1 1 1 1 1 1 1 1 1]]
Elapsed time: 0.3009631633758545 seconds.
n = 6, k = 10, i = 7

Minimum sum: 14

All solutions with sum 14:

2-intersecting regions:
[[0 1 0 ... 0 0 0]
 [0 0 1 ... 0 0 0]
 [0 0 0 ... 0 0 0]
 ...
 [0 0 0 ... 0 0 0]
 [0 0 0 ... 0 0 0]
 [0 0 0 ... 0 0 0]]

3-intersecting regions:
[[1 0 0 ... 0 0 0]
 [0 0 0 ... 0 0 0]
 [0 0 1 ... 0 0 0]
 ...
 [0 1 0 ... 1 0 0]
 [0 0 0 ... 1 0 0]
 [0 1 0 ... 0 0 0]]

4-intersecting regions:
[[1 0 0 ... 1 0 0]
 [0 1 1 ... 1 1 0]
 [0 0 0 ... 0 1 0]
 ...
 [0 1 0 ... 0 1 0]
 [0 0 0 ... 0 1 0]
 [1 1 1 ... 0 1 0]]

5-intersecting regions:
[[1 1 0 2 0 1]
 [2 1 0 1 1 0]
 [1 1 1 1 1 1]
 ...
 [1 1 0 0 0 1]
 [1 1 0 0 0 1]
 [1 1 0 0 1 0]]

6-intersecting regions:
[[1]
 [1]
 [1]
 [2]
 [2]
 [1]
 [1]
 [1]
 [1]
 [2]
 [1]
 [1]
 [1]
 [2]
 [2]
 [1]
 [1]
 [2]
 [1]
 [1]
 [1]
 [1]
 [2]
 [2]
 [2]
 [2]
 [1]
 [2]
 [1]
 [2]
 [1]
 [1]
 [1]
 [2]
 [1]
 [2]
 [1]
 [2]
 [1]
 [1]
 [2]
 [2]
 [3]
 [2]
 [2]
 [2]
 [1]
 [2]
 [2]
 [1]
 [1]
 [1]
 [2]
 [2]
 [1]
 [2]
 [1]
 [2]
 [1]
 [2]
 [1]
 [2]
 [2]
 [1]
 [1]
 [2]
 [1]
 [1]
 [2]
 [1]
 [1]
 [1]
 [1]
 [1]
 [1]
 [1]
 [2]
 [1]
 [2]
 [1]
 [1]
 [2]
 [2]
 [2]
 [2]
 [2]
 [2]
 [1]
 [2]
 [2]
 [1]
 [2]
 [1]
 [2]
 [2]
 [1]
 [2]
 [1]
 [2]
 [2]
 [1]
 [2]
 [1]
 [2]
 [1]
 [1]
 [1]
 [1]
 [1]
 [1]
 [1]
 [1]
 [2]
 [2]
 [1]
 [1]
 [2]
 [2]
 [2]
 [2]
 [2]
 [1]
 [2]
 [2]
 [2]
 [1]
 [1]
 [3]
 [2]
 [1]
 [2]
 [3]
 [2]
 [1]
 [1]
 [2]
 [1]
 [2]
 [2]
 [1]
 [1]
 [2]
 [2]
 [2]
 [2]
 [2]
 [2]
 [2]
 [2]
 [2]
 [2]
 [2]
 [2]
 [2]
 [2]
 [2]
 [2]
 [3]
 [1]
 [2]
 [2]
 [2]
 [2]
 [1]
 [2]
 [2]
 [2]
 [2]
 [1]
 [1]
 [1]
 [1]
 [2]
 [2]
 [2]
 [2]
 [2]
 [2]
 [2]
 [3]
 [1]
 [2]
 [1]
 [2]
 [2]
 [3]
 [2]
 [1]
 [2]
 [2]
 [2]
 [1]
 [2]
 [2]
 [2]
 [1]
 [2]
 [2]
 [2]
 [2]
 [3]
 [2]
 [2]
 [2]
 [2]
 [2]
 [2]
 [3]
 [3]
 [1]
 [1]
 [1]
 [1]
 [1]
 [1]
 [3]
 [2]
 [2]
 [2]
 [2]]
Elapsed time: 14.305367231369019 seconds.
n = 6, k = 10, i = 8

Minimum sum: 12

All solutions with sum 12:

5-intersecting regions:
[[2 2 2 2 2 2]]
Elapsed time: 0.09599089622497559 seconds.
n = 6, k = 10, i = 9

Minimum sum: 11

All solutions with sum 11:

5-intersecting regions:
[[1 1 1 1 1 1]]

6-intersecting regions:
[[5]]
Elapsed time: 0.08078193664550781 seconds.
n = 6, k = 11, i = 10

Minimum sum: 12

All solutions with sum 12:

5-intersecting regions:
[[1 1 1 1 1 1]]

6-intersecting regions:
[[6]]
Elapsed time: 0.12329435348510742 seconds.
n = 6, k = 11, i = 1

Minimum sum: 51

All solutions with sum 51:

1-intersecting regions:
[[6 6 6 6 6 6]]

2-intersecting regions:
[[1 1 1 1 1 1 1 1 1 1 1 1 1 1 1]]
Elapsed time: 0.1165931224822998 seconds.
n = 6, k = 11, i = 2

Minimum sum: 36

All solutions with sum 36:

1-intersecting regions:
[[1 1 1 1 1 1]]

2-intersecting regions:
[[2 2 2 2 2 2 2 2 2 2 2 2 2 2 2]]
Elapsed time: 0.08571863174438477 seconds.
n = 6, k = 11, i = 3

Minimum sum: 29

All solutions with sum 29:

2-intersecting regions:
[[3 0 3 ... 2 2 0]
 [3 0 3 ... 2 2 0]
 [3 1 2 ... 2 2 1]
 ...
 [2 1 2 ... 2 1 1]
 [2 1 2 ... 2 1 1]
 [2 1 2 ... 1 2 0]]

3-intersecting regions:
[[2 0 0 ... 0 1 0]
 [3 0 1 ... 0 0 0]
 [2 0 0 ... 0 0 0]
 ...
 [1 0 1 ... 0 0 0]
 [1 0 1 ... 0 0 1]
 [1 0 1 ... 1 1 0]]
Elapsed time: 13.747637033462524 seconds.
n = 6, k = 11, i = 4

Minimum sum: 24

All solutions with sum 24:

2-intersecting regions:
[[1 0 0 ... 0 0 1]
 [0 0 0 ... 0 1 1]
 [0 0 1 ... 1 0 0]
 ...
 [0 1 0 ... 0 1 0]
 [0 1 0 ... 0 1 0]
 [1 1 0 ... 1 0 0]]

3-intersecting regions:
[[0 1 1 ... 0 1 1]
 [0 1 1 ... 0 0 0]
 [1 1 0 ... 2 2 0]
 ...
 [1 2 0 ... 2 2 1]
 [1 1 1 ... 1 1 1]
 [1 1 0 ... 1 2 2]]
Elapsed time: 25.479165077209473 seconds.
n = 6, k = 11, i = 5

Minimum sum: 21

All solutions with sum 21:

1-intersecting regions:
[[0 0 0 0 0 0]
 [0 0 0 0 0 0]
 [0 0 0 0 0 0]
 ...
 [0 0 0 0 0 0]
 [0 0 0 0 0 0]
 [0 0 0 0 0 0]]

2-intersecting regions:
[[0 1 0 ... 0 0 0]
 [0 1 0 ... 0 0 1]
 [0 0 0 ... 0 0 0]
 ...
 [0 0 1 ... 0 0 0]
 [1 1 0 ... 0 0 0]
 [0 1 0 ... 0 0 0]]

3-intersecting regions:
[[0 0 0 ... 1 1 1]
 [0 2 0 ... 1 1 1]
 [0 1 0 ... 0 2 2]
 ...
 [1 0 0 ... 0 1 0]
 [1 0 0 ... 0 2 0]
 [0 0 0 ... 0 2 1]]

4-intersecting regions:
[[0 1 0 ... 0 1 0]
 [0 1 0 ... 1 1 0]
 [0 1 0 ... 2 0 1]
 ...
 [0 2 0 ... 1 0 0]
 [2 1 0 ... 0 0 0]
 [1 1 0 ... 1 0 1]]

5-intersecting regions:
[[0 0 0 0 0 0]
 [0 0 0 0 0 0]
 [0 0 0 0 0 0]
 ...
 [0 0 0 0 0 0]
 [0 0 0 0 0 0]
 [0 0 0 0 0 0]]

6-intersecting regions:
[[0]
 [0]
 [0]
 ...
 [0]
 [0]
 [0]]
Elapsed time: 5165.727979183197 seconds.
n = 6, k = 11, i = 6

Minimum sum: 18

All solutions with sum 18:

3-intersecting regions:
[[0 0 0 ... 1 0 1]
 [0 0 0 ... 0 0 1]
 [0 0 1 ... 1 0 0]
 ...
 [0 1 0 ... 0 0 0]
 [0 1 0 ... 1 0 0]
 [0 0 0 ... 1 0 1]]

4-intersecting regions:
[[0 1 0 ... 1 0 0]
 [1 1 0 ... 1 0 0]
 [0 1 0 ... 1 1 0]
 ...
 [0 2 1 ... 1 1 0]
 [0 2 1 ... 0 1 0]
 [0 0 1 ... 0 1 0]]
Elapsed time: 3.131124258041382 seconds.
n = 6, k = 11, i = 7

Minimum sum: 16

All solutions with sum 16:

3-intersecting regions:
[[0 0 0 0 0 0 0 0 0 1 0 0 0 0 0 0 0 0 0 0]
 [0 0 0 0 0 0 0 0 1 0 0 0 0 0 0 0 0 0 0 0]
 [0 0 0 0 0 0 1 0 0 0 0 0 0 0 0 0 0 0 0 0]
 [0 0 0 0 0 0 0 0 0 0 1 0 0 0 0 0 0 0 0 0]
 [0 0 0 0 1 0 0 0 0 0 0 0 0 0 0 0 0 0 0 0]
 [0 1 0 0 0 0 0 0 0 0 0 0 0 0 0 0 0 0 0 0]
 [0 0 0 0 0 0 0 0 0 0 0 0 0 0 0 0 0 0 0 1]
 [0 0 0 1 0 0 0 0 0 0 0 0 0 0 0 0 0 0 0 0]
 [0 0 0 0 0 0 0 0 0 0 0 0 0 0 0 0 0 0 0 0]
 [0 0 0 0 0 0 0 0 0 0 0 1 0 0 0 0 0 0 0 0]
 [0 0 1 0 0 0 0 0 0 0 0 0 0 0 0 0 0 0 0 0]
 [0 0 0 0 0 0 0 0 0 0 0 0 0 0 0 0 0 1 0 0]
 [0 0 0 0 0 0 0 0 0 0 0 0 0 1 0 0 0 0 0 0]
 [0 0 0 0 0 0 0 0 0 0 0 0 0 0 0 0 0 0 1 0]
 [0 0 0 0 0 0 0 0 0 0 0 0 0 0 1 0 0 0 0 0]
 [0 0 0 0 0 0 0 0 0 0 0 0 0 0 0 0 1 0 0 0]
 [0 0 0 0 0 0 0 0 0 0 0 0 0 0 0 1 0 0 0 0]
 [1 0 0 0 0 0 0 0 0 0 0 0 0 0 0 0 0 0 0 0]
 [0 0 0 0 0 0 0 0 0 0 0 0 1 0 0 0 0 0 0 0]
 [0 0 0 0 0 1 0 0 0 0 0 0 0 0 0 0 0 0 0 0]
 [0 0 0 0 0 0 0 1 0 0 0 0 0 0 0 0 0 0 0 0]]

4-intersecting regions:
[[1 1 0 1 1 1 1 0 1 1 0 1 1 1 1]
 [1 0 1 1 1 0 1 1 1 1 0 1 1 1 1]
 [1 1 1 1 1 0 1 1 0 1 1 1 1 1 0]
 [1 1 1 0 1 1 1 1 0 1 0 1 1 1 1]
 [1 1 0 0 1 1 0 1 1 1 1 1 1 1 1]
 [1 1 1 1 0 1 0 1 1 1 1 1 1 1 0]
 [0 0 1 1 1 1 1 1 1 1 1 1 1 0 1]
 [1 0 1 0 1 1 1 1 1 1 1 1 1 1 0]
 [1 1 1 1 1 1 1 1 1 1 1 1 1 1 1]
 [0 1 1 1 1 1 1 1 1 0 0 1 1 1 1]
 [1 0 0 1 0 1 1 1 1 1 1 1 1 1 1]
 [0 1 0 1 1 1 1 1 1 1 1 1 0 1 1]
 [1 1 1 1 0 1 1 1 1 1 1 1 0 0 1]
 [1 1 1 1 1 1 1 1 0 0 1 0 1 1 1]
 [0 1 1 0 1 1 1 1 1 1 1 0 1 1 1]
 [1 1 1 1 1 1 0 1 1 1 1 0 0 1 1]
 [1 1 1 1 1 1 1 1 1 1 1 0 1 0 0]
 [1 1 1 1 1 0 1 1 1 0 1 1 1 0 1]
 [1 1 1 1 1 1 1 0 1 0 1 1 0 1 1]
 [1 1 1 1 0 0 1 0 1 1 1 1 1 1 1]
 [1 1 1 1 1 1 0 0 0 1 1 1 1 1 1]]

5-intersecting regions:
[[0 1 0 0 1 1]
 [0 0 0 1 1 1]
 [1 0 0 1 1 0]
 [1 0 0 0 1 1]
 [1 1 0 0 0 1]
 [1 1 0 1 0 0]
 [0 0 1 1 0 1]
 [1 0 0 1 0 1]
 [0 0 0 0 0 0]
 [0 0 1 0 1 1]
 [0 1 0 1 0 1]
 [0 1 1 0 0 1]
 [0 1 1 1 0 0]
 [1 0 1 0 1 0]
 [1 0 1 0 0 1]
 [1 1 1 0 0 0]
 [1 0 1 1 0 0]
 [0 0 1 1 1 0]
 [0 1 1 0 1 0]
 [0 1 0 1 1 0]
 [1 1 0 0 1 0]]

6-intersecting regions:
[[0]
 [0]
 [0]
 [0]
 [0]
 [0]
 [0]
 [0]
 [1]
 [0]
 [0]
 [0]
 [0]
 [0]
 [0]
 [0]
 [0]
 [0]
 [0]
 [0]
 [0]]
Elapsed time: 0.4863865375518799 seconds.
n = 6, k = 11, i = 8

Minimum sum: 15

All solutions with sum 15:

2-intersecting regions:
[[0 0 0 ... 0 0 0]
 [0 0 0 ... 0 0 0]
 [0 0 0 ... 0 0 0]
 ...
 [0 0 0 ... 0 0 0]
 [0 0 0 ... 0 0 0]
 [0 0 0 ... 0 0 0]]

3-intersecting regions:
[[0 1 0 ... 0 0 1]
 [0 0 0 ... 0 0 1]
 [1 0 1 ... 0 0 0]
 ...
 [0 1 0 ... 0 1 1]
 [0 0 0 ... 0 1 0]
 [0 1 0 ... 0 0 0]]

4-intersecting regions:
[[0 0 1 ... 0 0 0]
 [0 0 0 ... 0 0 1]
 [1 0 0 ... 0 0 1]
 ...
 [0 0 1 ... 1 0 0]
 [1 0 1 ... 0 0 0]
 [0 1 1 ... 1 1 0]]

5-intersecting regions:
[[0 1 1 1 0 0]
 [0 1 1 0 0 1]
 [0 1 1 1 0 0]
 ...
 [1 0 1 1 0 0]
 [1 0 1 1 0 0]
 [0 0 0 0 0 0]]

6-intersecting regions:
[[3]
 [3]
 [3]
 [3]
 [2]
 [3]
 [3]
 [3]
 [2]
 [3]
 [2]
 [3]
 [2]
 [3]
 [2]
 [2]
 [2]
 [2]
 [2]
 [3]
 [2]
 [3]
 [3]
 [4]
 [2]
 [2]
 [2]
 [2]
 [2]
 [3]
 [3]
 [3]
 [3]
 [3]
 [2]
 [3]
 [2]
 [2]
 [2]
 [2]
 [2]
 [3]
 [3]
 [2]
 [2]
 [2]
 [3]
 [2]
 [2]
 [3]
 [3]
 [3]
 [2]
 [2]
 [3]
 [2]
 [2]
 [2]
 [3]
 [2]
 [2]
 [2]
 [2]
 [3]
 [2]
 [2]
 [3]
 [3]
 [3]
 [2]
 [2]
 [2]
 [3]
 [4]
 [2]
 [3]
 [2]
 [3]
 [2]
 [3]
 [2]
 [3]
 [3]
 [3]
 [4]
 [2]
 [3]
 [3]
 [3]
 [3]
 [3]
 [3]
 [3]
 [3]
 [2]
 [3]
 [3]
 [2]
 [3]
 [3]
 [3]
 [3]
 [2]
 [3]
 [3]
 [2]
 [3]
 [3]
 [2]
 [3]
 [2]
 [2]
 [3]
 [2]
 [3]
 [2]
 [2]
 [2]
 [2]
 [3]
 [2]
 [3]
 [3]
 [3]
 [3]
 [3]
 [2]
 [2]
 [2]
 [2]
 [3]
 [3]
 [2]
 [3]
 [2]
 [3]
 [3]
 [2]
 [2]
 [3]
 [3]
 [3]
 [3]
 [3]
 [3]
 [2]
 [2]
 [3]
 [4]
 [3]
 [3]
 [3]
 [2]
 [3]
 [3]
 [2]
 [2]
 [3]
 [3]
 [2]
 [3]
 [3]
 [3]
 [2]
 [4]
 [3]
 [4]
 [3]
 [3]
 [3]
 [4]
 [3]
 [3]
 [2]
 [3]
 [3]
 [3]
 [3]
 [3]
 [3]
 [2]
 [3]
 [3]
 [3]
 [2]
 [3]
 [2]
 [2]
 [3]
 [3]
 [2]
 [2]
 [3]
 [2]
 [3]
 [2]
 [3]
 [2]
 [2]
 [3]
 [2]
 [3]
 [3]
 [2]
 [3]
 [2]
 [2]
 [3]
 [3]
 [2]
 [3]
 [3]
 [3]
 [4]
 [3]
 [2]
 [4]
 [3]
 [3]
 [4]]
Elapsed time: 12.974961280822754 seconds.
n = 6, k = 11, i = 9

Minimum sum: 13

All solutions with sum 13:

5-intersecting regions:
[[2 2 2 2 2 2]]

6-intersecting regions:
[[1]]
Elapsed time: 0.06856536865234375 seconds.
n = 6, k = 12, i = 1

Minimum sum: 57

All solutions with sum 57:

1-intersecting regions:
[[7 7 7 7 7 7]]

2-intersecting regions:
[[1 1 1 1 1 1 1 1 1 1 1 1 1 1 1]]
Elapsed time: 0.12190032005310059 seconds.
n = 6, k = 12, i = 2

Minimum sum: 42

All solutions with sum 42:

1-intersecting regions:
[[2 2 2 2 2 2]]

2-intersecting regions:
[[2 2 2 2 2 2 2 2 2 2 2 2 2 2 2]]
Elapsed time: 0.08561468124389648 seconds.
n = 6, k = 12, i = 3

Minimum sum: 33

All solutions with sum 33:

2-intersecting regions:
[[0 3 3 ... 3 3 0]
 [1 3 3 ... 3 2 1]
 [2 2 2 ... 2 2 2]
 ...
 [2 1 2 ... 2 2 2]
 [1 1 2 ... 2 2 2]
 [2 1 2 ... 1 1 2]]

3-intersecting regions:
[[0 0 0 ... 0 0 0]
 [0 0 0 ... 0 0 0]
 [0 0 0 ... 0 0 1]
 ...
 [1 1 0 ... 0 0 0]
 [0 1 0 ... 0 0 0]
 [0 1 1 ... 0 1 0]]
Elapsed time: 4.311803102493286 seconds.
n = 6, k = 12, i = 4

Minimum sum: 28

All solutions with sum 28:

2-intersecting regions:
[[0 0 4 ... 0 0 0]
 [1 0 4 ... 0 0 0]
 [2 0 4 ... 0 0 0]
 ...
 [1 1 2 ... 2 1 0]
 [0 1 2 ... 2 1 0]
 [1 1 2 ... 1 1 0]]

3-intersecting regions:
[[0 0 4 ... 0 0 0]
 [1 0 4 ... 0 0 0]
 [2 0 4 ... 0 0 0]
 ...
 [2 1 0 ... 0 1 1]
 [1 1 0 ... 0 1 1]
 [1 1 0 ... 0 2 1]]
Elapsed time: 333.91440081596375 seconds.
n = 6, k = 12, i = 5

Minimum sum: 24
n = 6, k = 2, i = 1

Minimum sum: 7

All solutions with sum 7:

1-intersecting regions:
[[1 1 1 1 1 1]]

6-intersecting regions:
[[1]]
Elapsed time: 0.07090330123901367 seconds.
n = 6, k = 3, i = 1

Minimum sum: 7

All solutions with sum 7:

2-intersecting regions:
[[0 1 0 0 0 0 0 0 0 0 1 0 1 0 0]
 [0 0 0 1 0 1 0 0 0 0 0 0 1 0 0]
 [0 0 0 1 0 0 0 0 1 0 0 0 0 0 1]
 [0 0 0 0 1 1 0 0 0 0 0 1 0 0 0]
 [0 0 0 1 0 0 0 1 0 0 0 0 0 1 0]
 [0 0 0 0 1 0 0 1 0 0 1 0 0 0 0]
 [0 0 0 0 0 0 1 0 0 1 0 0 0 1 0]
 [0 0 0 0 0 0 0 0 1 1 1 0 0 0 0]
 [0 0 0 0 1 0 1 0 0 0 0 0 0 0 1]
 [0 0 0 1 0 0 0 0 1 0 0 0 0 0 1]
 [0 0 0 0 1 1 0 0 0 0 0 1 0 0 0]
 [0 1 0 0 0 0 0 0 0 0 1 0 1 0 0]
 [1 0 0 0 0 1 0 0 0 1 0 0 0 0 0]
 [0 0 0 1 0 1 0 0 0 0 0 0 1 0 0]
 [1 1 0 0 0 0 0 0 0 0 0 0 0 0 1]
 [0 0 1 0 0 0 0 0 1 0 0 1 0 0 0]
 [0 0 1 0 0 0 1 0 0 0 0 0 1 0 0]
 [0 1 0 0 0 0 0 0 0 0 0 1 0 1 0]
 [1 0 1 0 0 0 0 1 0 0 0 0 0 0 0]
 [1 1 0 0 0 0 0 0 0 0 0 0 0 0 1]
 [0 0 1 0 0 0 1 0 0 0 0 0 1 0 0]
 [1 0 0 0 0 1 0 0 0 1 0 0 0 0 0]
 [1 0 1 0 0 0 0 1 0 0 0 0 0 0 0]
 [0 0 0 0 1 0 0 1 0 0 1 0 0 0 0]
 [0 0 1 0 0 0 0 0 1 0 0 1 0 0 0]
 [0 0 0 1 0 0 0 1 0 0 0 0 0 1 0]
 [0 0 0 0 1 0 1 0 0 0 0 0 0 0 1]
 [0 0 0 0 0 0 1 0 0 1 0 0 0 1 0]
 [0 0 0 0 0 0 0 0 1 1 1 0 0 0 0]
 [0 1 0 0 0 0 0 0 0 0 0 1 0 1 0]]

3-intersecting regions:
[[0 0 0 0 0 0 1 0 0 1 0 0 0 0 0 0 1 0 0 1]
 [0 0 0 0 1 0 1 0 0 0 0 0 1 0 0 0 0 0 0 1]
 [0 1 0 0 0 0 0 0 0 0 1 0 1 0 0 0 0 0 0 1]
 [0 0 1 0 0 0 1 0 0 0 0 0 1 0 1 0 0 0 0 0]
 [0 0 0 0 1 0 1 0 0 0 0 1 0 1 0 0 0 0 0 0]
 [0 0 1 0 0 0 1 0 0 0 0 1 0 0 0 0 1 0 0 0]
 [0 0 0 0 1 1 0 0 0 0 0 1 0 0 0 1 0 0 0 0]
 [0 0 1 0 0 0 0 1 0 0 0 1 0 0 0 1 0 0 0 0]
 [0 0 0 1 0 1 0 0 0 0 0 1 0 0 0 0 1 0 0 0]
 [0 0 0 1 0 0 0 1 0 0 0 1 0 1 0 0 0 0 0 0]
 [0 0 0 1 0 1 0 0 0 0 0 0 0 0 0 0 0 1 1 0]
 [0 0 0 0 0 0 0 1 1 0 0 0 0 0 0 1 0 1 0 0]
 [1 0 1 0 0 0 0 1 0 0 0 0 0 0 1 0 0 0 0 0]
 [1 0 0 1 0 0 0 1 0 0 0 0 0 0 0 0 0 1 0 0]
 [0 0 0 0 0 0 0 1 1 0 0 0 0 1 1 0 0 0 0 0]
 [0 0 1 0 0 0 0 0 0 0 1 0 1 0 0 1 0 0 0 0]
 [0 0 0 0 1 0 0 0 1 0 0 0 1 0 0 1 0 0 0 0]
 [0 0 0 0 0 1 0 0 0 0 1 0 0 0 0 1 0 1 0 0]
 [1 0 1 0 0 0 0 0 0 0 1 0 0 0 0 0 1 0 0 0]
 [0 0 0 0 0 1 0 0 0 0 1 0 0 0 0 0 1 0 0 1]
 [1 0 0 1 0 0 0 0 0 1 0 0 0 0 0 0 1 0 0 0]
 [0 0 0 0 1 1 0 0 0 0 0 0 0 0 0 0 0 0 1 1]
 [0 0 0 0 1 0 0 0 1 0 0 0 0 1 0 0 0 0 1 0]
 [0 1 0 0 0 0 0 0 1 0 0 0 0 0 0 0 0 1 1 0]
 [0 0 0 1 0 0 0 0 0 1 0 0 0 1 0 0 0 0 1 0]
 [1 1 0 0 0 0 0 0 0 0 1 0 0 0 0 0 0 1 0 0]
 [0 1 0 0 0 0 0 0 1 0 0 0 1 0 1 0 0 0 0 0]
 [1 1 0 0 0 0 0 0 0 1 0 0 0 0 1 0 0 0 0 0]
 [0 1 0 0 0 0 0 0 0 1 0 0 0 0 0 0 0 0 1 1]
 [0 0 0 0 0 0 1 0 0 1 0 0 0 1 1 0 0 0 0 0]]
Elapsed time: 0.5147140026092529 seconds.
n = 6, k = 3, i = 2

Minimum sum: 8

All solutions with sum 8:

1-intersecting regions:
[[1 1 1 1 1 1]]

6-intersecting regions:
[[2]]
Elapsed time: 0.07667756080627441 seconds.
n = 6, k = 4, i = 1

Minimum sum: 11

All solutions with sum 11:

2-intersecting regions:
[[1 1 0 1 0 1 0 0 1 1 1 0 1 0 1]
 [1 0 1 1 0 1 1 1 0 1 0 0 1 1 0]
 [0 0 0 1 1 0 1 1 1 1 1 0 0 1 1]
 [0 1 0 1 1 1 0 1 0 0 1 1 1 1 0]
 [1 1 0 0 1 1 1 0 0 1 0 1 0 1 1]
 [1 0 1 0 1 1 0 1 1 1 1 1 0 0 0]
 [0 0 1 1 1 1 1 0 1 0 0 1 1 0 1]
 [1 1 1 0 1 0 1 1 0 0 1 0 1 0 1]
 [1 1 1 1 0 0 0 1 1 0 0 1 0 1 1]
 [0 1 1 0 0 0 1 0 1 1 1 1 1 1 0]]

3-intersecting regions:
[[0 0 0 0 0 0 0 1 0 0 0 0 0 0 0 0 0 0 0 1]
 [1 0 0 0 1 0 0 0 0 0 0 0 0 0 0 0 0 0 0 0]
 [0 1 0 0 0 0 0 0 0 0 0 1 0 0 0 0 0 0 0 0]
 [0 0 0 0 0 0 1 0 0 0 0 0 0 0 0 0 0 1 0 0]
 [0 0 0 0 0 1 0 0 0 0 0 0 0 0 1 0 0 0 0 0]
 [0 0 1 0 0 0 0 0 0 0 0 0 0 0 0 0 0 0 1 0]
 [0 0 0 1 0 0 0 0 0 0 0 0 1 0 0 0 0 0 0 0]
 [0 0 0 0 0 0 0 0 1 0 0 0 0 0 0 0 1 0 0 0]
 [0 0 0 0 0 0 0 0 0 0 1 0 0 1 0 0 0 0 0 0]
 [0 0 0 0 0 0 0 0 0 1 0 0 0 0 0 1 0 0 0 0]]
Elapsed time: 0.24750256538391113 seconds.
n = 6, k = 4, i = 2

Minimum sum: 7

All solutions with sum 7:

3-intersecting regions:
[[0 1 0 0 0 0 0 0 0 0 1 0 1 0 0 0 0 0 0 1]
 [0 0 0 0 0 1 0 0 0 0 1 0 0 0 0 0 1 0 0 1]
 [0 0 0 0 0 1 0 0 0 0 1 0 0 0 0 1 0 1 0 0]
 [0 0 0 0 1 1 0 0 0 0 0 1 0 0 0 1 0 0 0 0]
 [0 0 0 0 1 1 0 0 0 0 0 0 0 0 0 0 0 0 1 1]
 [0 1 0 0 0 0 0 0 0 1 0 0 0 0 0 0 0 0 1 1]
 [0 0 0 1 0 0 0 0 0 1 0 0 0 1 0 0 0 0 1 0]
 [0 0 0 0 1 0 0 0 1 0 0 0 0 1 0 0 0 0 1 0]
 [0 0 0 0 1 0 1 0 0 0 0 0 1 0 0 0 0 0 0 1]
 [0 0 0 0 0 0 1 0 0 1 0 0 0 0 0 0 1 0 0 1]
 [0 1 0 0 0 0 0 0 1 0 0 0 0 0 0 0 0 1 1 0]
 [0 0 1 0 0 0 1 0 0 0 0 0 1 0 1 0 0 0 0 0]
 [0 0 1 0 0 0 0 0 0 0 1 0 1 0 0 1 0 0 0 0]
 [0 0 0 0 1 0 0 0 1 0 0 0 1 0 0 1 0 0 0 0]
 [1 0 1 0 0 0 0 1 0 0 0 0 0 0 1 0 0 0 0 0]
 [1 0 1 0 0 0 0 0 0 0 1 0 0 0 0 0 1 0 0 0]
 [0 0 1 0 0 0 1 0 0 0 0 1 0 0 0 0 1 0 0 0]
 [1 0 0 1 0 0 0 0 0 1 0 0 0 0 0 0 1 0 0 0]
 [0 0 0 1 0 1 0 0 0 0 0 1 0 0 0 0 1 0 0 0]
 [1 1 0 0 0 0 0 0 0 1 0 0 0 0 1 0 0 0 0 0]
 [1 1 0 0 0 0 0 0 0 0 1 0 0 0 0 0 0 1 0 0]
 [0 1 0 0 0 0 0 0 1 0 0 0 1 0 1 0 0 0 0 0]
 [0 0 0 0 0 0 0 1 1 0 0 0 0 1 1 0 0 0 0 0]
 [0 0 1 0 0 0 0 1 0 0 0 1 0 0 0 1 0 0 0 0]
 [0 0 0 0 0 0 0 1 1 0 0 0 0 0 0 1 0 1 0 0]
 [1 0 0 1 0 0 0 1 0 0 0 0 0 0 0 0 0 1 0 0]
 [0 0 0 1 0 1 0 0 0 0 0 0 0 0 0 0 0 1 1 0]
 [0 0 0 0 0 0 1 0 0 1 0 0 0 1 1 0 0 0 0 0]
 [0 0 0 0 1 0 1 0 0 0 0 1 0 1 0 0 0 0 0 0]
 [0 0 0 1 0 0 0 1 0 0 0 1 0 1 0 0 0 0 0 0]]

4-intersecting regions:
[[0 0 1 0 0 1 0 0 0 0 0 1 0 0 0]
 [0 0 1 0 0 0 0 0 0 1 0 0 0 0 1]
 [0 1 0 0 0 0 1 0 0 1 0 0 0 0 0]
 [0 1 0 0 0 0 0 0 1 0 0 0 1 0 0]
 [0 0 0 0 0 0 0 0 0 0 1 0 1 0 1]
 [0 0 0 1 0 1 0 0 0 0 0 0 1 0 0]
 [1 0 0 0 0 1 1 0 0 0 0 0 0 0 0]
 [1 0 0 0 0 0 0 1 0 0 0 0 0 0 1]
 [0 0 0 0 1 0 0 0 0 0 1 1 0 0 0]
 [0 0 0 1 1 0 0 0 0 1 0 0 0 0 0]
 [0 0 0 1 0 0 0 1 0 0 0 0 0 1 0]
 [0 0 0 0 0 0 1 0 0 0 1 0 0 1 0]
 [1 0 0 0 0 1 1 0 0 0 0 0 0 0 0]
 [1 0 0 0 1 0 0 0 1 0 0 0 0 0 0]
 [0 0 0 0 0 0 0 0 0 0 1 0 1 0 1]
 [1 0 0 0 0 0 0 1 0 0 0 0 0 0 1]
 [0 0 0 1 0 0 0 1 0 0 0 0 0 1 0]
 [1 0 0 0 1 0 0 0 1 0 0 0 0 0 0]
 [0 0 1 0 0 0 0 0 1 0 0 0 0 1 0]
 [0 1 0 0 0 0 0 0 1 0 0 0 1 0 0]
 [0 1 0 0 0 0 0 1 0 0 0 1 0 0 0]
 [0 0 1 0 0 0 0 0 1 0 0 0 0 1 0]
 [0 0 1 0 0 0 0 0 0 1 0 0 0 0 1]
 [0 0 0 1 0 1 0 0 0 0 0 0 1 0 0]
 [0 0 0 1 1 0 0 0 0 1 0 0 0 0 0]
 [0 0 0 0 1 0 0 0 0 0 1 1 0 0 0]
 [0 0 0 0 0 0 1 0 0 0 1 0 0 1 0]
 [0 1 0 0 0 0 1 0 0 1 0 0 0 0 0]
 [0 1 0 0 0 0 0 1 0 0 0 1 0 0 0]
 [0 0 1 0 0 1 0 0 0 0 0 1 0 0 0]]
Elapsed time: 0.4987661838531494 seconds.
n = 6, k = 4, i = 3

Minimum sum: 9

All solutions with sum 9:

1-intersecting regions:
[[1 1 1 1 1 1]]

6-intersecting regions:
[[3]]
Elapsed time: 0.1844480037689209 seconds.
n = 6, k = 5, i = 1

Minimum sum: 15

All solutions with sum 15:

2-intersecting regions:
[[1 1 1 1 1 1 1 1 1 1 1 1 1 1 1]]
Elapsed time: 0.07627677917480469 seconds.
n = 6, k = 5, i = 2

Minimum sum: 10

All solutions with sum 10:

3-intersecting regions:
[[0 1 0 0 1 1 0 0 1 0 1 0 1 0 0 1 0 1 1 1]
 [1 1 0 1 0 1 0 0 0 1 1 0 0 0 0 0 1 1 1 1]
 [1 1 1 0 0 0 0 1 1 0 1 0 1 0 1 1 0 1 0 0]
 [1 1 0 1 0 0 0 1 1 1 0 0 0 1 1 0 0 1 1 0]
 [0 1 0 0 1 0 1 0 1 1 0 0 1 1 1 0 0 0 1 1]
 [1 1 1 0 0 0 1 0 0 1 1 0 1 0 1 0 1 0 0 1]
 [1 0 1 1 0 0 1 1 0 1 0 1 0 1 1 0 1 0 0 0]
 [1 0 1 1 0 1 0 1 0 0 1 1 0 0 0 1 1 1 0 0]
 [0 0 1 0 1 0 1 1 1 0 0 1 1 1 1 1 0 0 0 0]
 [0 0 0 1 1 1 0 1 1 0 0 1 0 1 0 1 0 1 1 0]
 [0 0 0 1 1 1 1 0 0 1 0 1 0 1 0 0 1 0 1 1]
 [0 0 1 0 1 1 1 0 0 0 1 1 1 0 0 1 1 0 0 1]]
Elapsed time: 0.21608304977416992 seconds.
n = 6, k = 5, i = 3

Minimum sum: 8

All solutions with sum 8:

3-intersecting regions:
[[0 1 0 0 0 0 0 0 0 1 0 0 0 0 0 0 0 0 1 1]
 [0 0 0 0 1 1 0 0 0 0 0 0 0 0 0 0 0 0 1 1]
 [1 0 0 1 0 0 0 1 0 0 0 0 0 0 0 0 0 1 0 0]
 [0 0 0 0 0 0 0 1 1 0 0 0 0 1 1 0 0 0 0 0]
 [0 0 0 1 0 1 0 0 0 0 0 1 0 0 0 0 1 0 0 0]
 [0 0 0 0 1 0 0 0 1 0 0 0 1 0 0 1 0 0 0 0]
 [0 0 0 0 0 0 0 1 1 0 0 0 0 0 0 1 0 1 0 0]
 [0 1 0 0 0 0 0 0 1 0 0 0 0 0 0 0 0 1 1 0]
 [0 0 0 0 1 0 0 0 1 0 0 0 0 1 0 0 0 0 1 0]
 [0 0 0 0 0 1 0 0 0 0 1 0 0 0 0 1 0 1 0 0]
 [1 1 0 0 0 0 0 0 0 0 1 0 0 0 0 0 0 1 0 0]
 [0 0 0 1 0 0 0 0 0 1 0 0 0 1 0 0 0 0 1 0]
 [0 0 0 0 1 0 1 0 0 0 0 0 1 0 0 0 0 0 0 1]
 [0 0 1 0 0 0 1 0 0 0 0 0 1 0 1 0 0 0 0 0]
 [0 0 1 0 0 0 1 0 0 0 0 1 0 0 0 0 1 0 0 0]
 [0 0 0 1 0 1 0 0 0 0 0 0 0 0 0 0 0 1 1 0]
 [0 0 0 1 0 0 0 1 0 0 0 1 0 1 0 0 0 0 0 0]
 [0 0 0 0 0 1 0 0 0 0 1 0 0 0 0 0 1 0 0 1]
 [0 0 0 0 1 0 1 0 0 0 0 1 0 1 0 0 0 0 0 0]
 [0 0 0 0 0 0 1 0 0 1 0 0 0 1 1 0 0 0 0 0]
 [0 0 1 0 0 0 0 0 0 0 1 0 1 0 0 1 0 0 0 0]
 [0 0 1 0 0 0 0 1 0 0 0 1 0 0 0 1 0 0 0 0]
 [0 0 0 0 0 0 1 0 0 1 0 0 0 0 0 0 1 0 0 1]
 [1 1 0 0 0 0 0 0 0 1 0 0 0 0 1 0 0 0 0 0]
 [1 0 0 1 0 0 0 0 0 1 0 0 0 0 0 0 1 0 0 0]
 [1 0 1 0 0 0 0 0 0 0 1 0 0 0 0 0 1 0 0 0]
 [1 0 1 0 0 0 0 1 0 0 0 0 0 0 1 0 0 0 0 0]
 [0 1 0 0 0 0 0 0 0 0 1 0 1 0 0 0 0 0 0 1]
 [0 0 0 0 1 1 0 0 0 0 0 1 0 0 0 1 0 0 0 0]
 [0 1 0 0 0 0 0 0 1 0 0 0 1 0 1 0 0 0 0 0]]

4-intersecting regions:
[[0 0 0 1 0 1 0 0 0 0 0 0 1 0 0]
 [0 0 0 0 0 0 0 0 0 0 1 0 1 0 1]
 [0 0 0 0 1 0 0 0 0 0 1 1 0 0 0]
 [0 0 1 0 0 0 0 0 0 1 0 0 0 0 1]
 [0 0 1 0 0 0 0 0 1 0 0 0 0 1 0]
 [1 0 0 0 1 0 0 0 1 0 0 0 0 0 0]
 [0 0 0 1 1 0 0 0 0 1 0 0 0 0 0]
 [0 0 0 1 0 0 0 1 0 0 0 0 0 1 0]
 [1 0 0 0 0 0 0 1 0 0 0 0 0 0 1]
 [0 1 0 0 0 0 1 0 0 1 0 0 0 0 0]
 [0 1 0 0 0 0 0 1 0 0 0 1 0 0 0]
 [1 0 0 0 0 1 1 0 0 0 0 0 0 0 0]
 [0 0 0 0 1 0 0 0 0 0 1 1 0 0 0]
 [0 0 0 0 0 0 1 0 0 0 1 0 0 1 0]
 [0 0 0 1 0 0 0 1 0 0 0 0 0 1 0]
 [0 0 0 0 0 0 1 0 0 0 1 0 0 1 0]
 [0 0 1 0 0 1 0 0 0 0 0 1 0 0 0]
 [0 0 1 0 0 0 0 0 0 1 0 0 0 0 1]
 [0 1 0 0 0 0 0 1 0 0 0 1 0 0 0]
 [0 1 0 0 0 0 1 0 0 1 0 0 0 0 0]
 [1 0 0 0 0 1 1 0 0 0 0 0 0 0 0]
 [0 0 0 1 0 1 0 0 0 0 0 0 1 0 0]
 [0 0 0 1 1 0 0 0 0 1 0 0 0 0 0]
 [0 1 0 0 0 0 0 0 1 0 0 0 1 0 0]
 [1 0 0 0 1 0 0 0 1 0 0 0 0 0 0]
 [1 0 0 0 0 0 0 1 0 0 0 0 0 0 1]
 [0 0 0 0 0 0 0 0 0 0 1 0 1 0 1]
 [0 0 1 0 0 1 0 0 0 0 0 1 0 0 0]
 [0 1 0 0 0 0 0 0 1 0 0 0 1 0 0]
 [0 0 1 0 0 0 0 0 1 0 0 0 0 1 0]]

6-intersecting regions:
[[1]
 [1]
 [1]
 [1]
 [1]
 [1]
 [1]
 [1]
 [1]
 [1]
 [1]
 [1]
 [1]
 [1]
 [1]
 [1]
 [1]
 [1]
 [1]
 [1]
 [1]
 [1]
 [1]
 [1]
 [1]
 [1]
 [1]
 [1]
 [1]
 [1]]
Elapsed time: 3.889050006866455 seconds.
n = 6, k = 5, i = 4

Minimum sum: 6

All solutions with sum 6:

5-intersecting regions:
[[1 1 1 1 1 1]]
Elapsed time: 0.08086323738098145 seconds.
n = 6, k = 6, i = 1

Minimum sum: 21

All solutions with sum 21:

1-intersecting regions:
[[1 1 1 1 1 1]]

2-intersecting regions:
[[1 1 1 1 1 1 1 1 1 1 1 1 1 1 1]]
Elapsed time: 0.08146238327026367 seconds.
n = 6, k = 6, i = 2

Minimum sum: 14

All solutions with sum 14:

2-intersecting regions:
[[0 0 2 ... 0 0 0]
 [1 0 2 ... 0 0 0]
 [2 0 2 ... 0 0 0]
 ...
 [0 0 1 ... 1 0 0]
 [0 0 1 ... 1 0 0]
 [1 0 1 ... 0 0 0]]

3-intersecting regions:
[[0 0 2 ... 0 0 0]
 [1 0 2 ... 0 0 0]
 [2 0 2 ... 0 0 0]
 ...
 [0 0 1 ... 0 0 0]
 [0 0 1 ... 0 0 0]
 [0 0 1 ... 0 1 0]]
Elapsed time: 1.7801005840301514 seconds.
n = 6, k = 6, i = 3

Minimum sum: 11

All solutions with sum 11:

1-intersecting regions:
[[0 0 0 0 0 0]
 [0 0 0 0 0 0]
 [0 0 0 0 0 0]
 ...
 [0 0 0 0 0 0]
 [0 0 0 0 0 0]
 [0 0 0 0 0 0]]

2-intersecting regions:
[[0 0 0 ... 0 0 0]
 [0 1 0 ... 0 1 0]
 [0 0 0 ... 0 0 0]
 ...
 [0 0 0 ... 0 0 0]
 [0 0 0 ... 1 0 0]
 [1 1 0 ... 0 0 0]]

3-intersecting regions:
[[0 0 0 ... 0 1 1]
 [0 0 0 ... 0 0 1]
 [0 0 0 ... 0 0 0]
 ...
 [0 0 0 ... 0 1 0]
 [1 0 0 ... 0 0 0]
 [0 0 0 ... 0 1 1]]

4-intersecting regions:
[[0 0 1 ... 1 0 0]
 [0 0 1 ... 1 0 0]
 [0 1 0 ... 0 0 0]
 ...
 [0 0 1 ... 0 0 1]
 [0 0 1 ... 0 0 1]
 [0 0 0 ... 0 1 0]]

5-intersecting regions:
[[1 0 0 0 0 0]
 [1 0 0 0 0 0]
 [0 1 0 0 0 0]
 ...
 [0 0 1 0 0 0]
 [0 0 1 0 0 0]
 [0 1 0 0 0 0]]

6-intersecting regions:
[[0]
 [0]
 [0]
 [0]
 [0]
 [0]
 [0]
 [0]
 [0]
 [0]
 [0]
 [0]
 [0]
 [0]
 [0]
 [0]
 [0]
 [0]
 [0]
 [0]
 [0]
 [0]
 [0]
 [0]
 [0]
 [0]
 [0]
 [0]
 [0]
 [0]
 [0]
 [0]
 [0]
 [0]
 [0]
 [0]
 [0]
 [0]
 [0]
 [0]
 [0]
 [0]
 [0]
 [0]
 [0]
 [0]
 [0]
 [0]
 [0]
 [0]
 [0]
 [1]
 [0]
 [0]
 [0]
 [0]
 [0]
 [0]
 [0]
 [0]
 [0]
 [0]
 [0]
 [0]
 [0]
 [0]
 [1]
 [0]
 [0]
 [0]
 [0]
 [0]
 [0]
 [0]
 [0]
 [0]
 [0]
 [1]
 [0]
 [0]
 [0]
 [0]
 [1]
 [0]
 [0]
 [0]
 [0]
 [0]
 [0]
 [0]
 [0]
 [0]
 [0]
 [0]
 [0]
 [0]
 [0]
 [0]
 [0]
 [0]
 [0]
 [0]
 [0]
 [0]
 [0]
 [0]
 [0]
 [0]
 [0]
 [0]
 [0]
 [0]
 [0]
 [0]
 [0]
 [0]
 [0]
 [0]
 [0]
 [0]
 [0]
 [0]
 [0]
 [0]
 [0]
 [0]
 [0]
 [0]
 [0]
 [0]
 [0]
 [0]
 [0]
 [0]
 [0]
 [0]
 [0]
 [0]
 [0]
 [0]
 [0]
 [0]
 [0]
 [0]
 [0]
 [0]
 [0]
 [1]
 [0]
 [0]
 [0]
 [0]
 [0]
 [0]
 [0]
 [0]
 [0]
 [0]
 [0]
 [0]
 [0]
 [1]
 [0]
 [0]
 [0]
 [0]
 [0]
 [0]
 [0]
 [0]
 [0]
 [0]
 [0]
 [0]
 [0]
 [0]
 [0]
 [0]
 [0]
 [0]
 [0]
 [0]
 [0]
 [0]
 [0]
 [0]
 [0]
 [0]
 [0]
 [0]
 [0]
 [0]
 [0]
 [0]
 [1]
 [0]
 [0]
 [0]
 [0]
 [0]
 [0]
 [0]
 [0]
 [0]
 [0]
 [0]
 [0]
 [0]
 [0]
 [0]
 [0]
 [0]
 [0]
 [0]
 [0]
 [0]
 [0]
 [0]
 [0]
 [0]
 [0]
 [0]
 [0]
 [0]
 [0]
 [0]
 [0]
 [0]
 [0]
 [0]
 [0]
 [0]
 [0]
 [0]
 [0]
 [0]
 [0]
 [0]
 [0]
 [0]
 [0]
 [0]
 [0]
 [0]
 [0]
 [0]
 [0]
 [0]
 [0]
 [0]
 [0]
 [0]
 [0]
 [0]
 [0]
 [0]
 [0]
 [0]
 [0]
 [0]
 [0]
 [0]
 [0]
 [0]
 [0]
 [0]
 [0]
 [0]
 [0]
 [0]
 [0]
 [0]
 [0]
 [0]
 [0]
 [0]
 [0]
 [0]
 [0]
 [0]
 [0]
 [0]
 [1]
 [0]
 [0]
 [0]
 [0]
 [0]
 [0]
 [0]
 [0]
 [0]
 [0]
 [0]
 [0]
 [0]
 [0]
 [0]
 [0]
 [0]
 [0]
 [0]
 [0]
 [0]
 [0]
 [0]
 [0]
 [0]
 [0]
 [0]
 [0]
 [0]
 [0]
 [0]
 [0]
 [0]
 [0]
 [0]
 [0]
 [0]
 [0]
 [0]
 [0]
 [0]
 [0]
 [1]
 [0]
 [0]
 [0]
 [0]
 [0]
 [0]
 [0]
 [0]
 [0]
 [0]
 [0]
 [0]
 [0]
 [0]
 [0]
 [0]
 [0]
 [0]
 [0]
 [0]
 [0]
 [0]
 [0]
 [0]
 [0]
 [0]
 [0]
 [0]
 [0]
 [0]
 [0]
 [0]
 [0]
 [0]
 [1]
 [0]
 [0]
 [0]
 [0]
 [0]
 [0]
 [0]
 [0]
 [0]
 [0]
 [0]
 [0]
 [0]
 [0]
 [0]
 [0]
 [0]
 [0]
 [0]
 [0]
 [0]
 [0]
 [0]
 [0]
 [0]
 [0]
 [0]
 [0]
 [0]
 [0]
 [0]
 [0]
 [0]
 [0]
 [0]
 [0]
 [0]
 [0]
 [0]
 [0]
 [0]
 [0]
 [0]
 [0]
 [0]
 [0]
 [0]
 [0]
 [0]
 [0]
 [0]
 [0]
 [0]
 [0]
 [0]
 [0]
 [0]
 [0]
 [0]
 [0]
 [0]
 [0]
 [0]
 [1]
 [0]
 [0]
 [0]
 [0]
 [0]
 [0]
 [0]
 [0]
 [0]
 [0]
 [0]
 [0]
 [0]
 [0]
 [0]
 [0]
 [0]
 [0]
 [0]
 [0]
 [0]
 [0]
 [0]
 [0]
 [0]
 [0]
 [0]
 [0]
 [0]
 [0]
 [0]
 [0]
 [0]
 [0]
 [0]
 [1]
 [0]
 [0]
 [0]
 [0]
 [0]
 [0]
 [0]
 [0]
 [0]
 [0]
 [0]
 [0]
 [0]
 [0]
 [0]
 [0]
 [0]
 [0]
 [0]
 [0]
 [0]
 [0]
 [0]
 [0]
 [0]
 [0]
 [0]
 [0]
 [0]
 [0]
 [0]
 [0]
 [0]
 [0]
 [0]
 [0]
 [0]
 [0]
 [0]
 [0]
 [0]
 [0]
 [0]]
Elapsed time: 46.91400408744812 seconds.
n = 6, k = 6, i = 4

Minimum sum: 9

All solutions with sum 9:

3-intersecting regions:
[[0 0 1 0 0 0 0 1 0 0 0 1 0 0 0 1 0 0 0 0]
 [0 0 0 0 0 0 0 1 1 0 0 0 0 0 0 1 0 1 0 0]
 [0 0 1 0 0 0 0 0 0 0 1 0 1 0 0 1 0 0 0 0]
 [0 0 0 0 0 1 0 0 0 0 1 0 0 0 0 1 0 1 0 0]
 [0 0 0 0 1 1 0 0 0 0 0 1 0 0 0 1 0 0 0 0]
 [0 0 1 0 0 0 1 0 0 0 0 1 0 0 0 0 1 0 0 0]
 [0 0 0 0 1 0 1 0 0 0 0 1 0 1 0 0 0 0 0 0]
 [0 0 0 1 0 1 0 0 0 0 0 1 0 0 0 0 1 0 0 0]
 [0 0 0 1 0 0 0 1 0 0 0 1 0 1 0 0 0 0 0 0]
 [0 0 0 0 0 1 0 0 0 0 1 0 0 0 0 0 1 0 0 1]
 [0 0 0 0 1 1 0 0 0 0 0 0 0 0 0 0 0 0 1 1]
 [0 0 0 1 0 1 0 0 0 0 0 0 0 0 0 0 0 1 1 0]
 [0 1 0 0 0 0 0 0 1 0 0 0 1 0 1 0 0 0 0 0]
 [0 0 1 0 0 0 1 0 0 0 0 0 1 0 1 0 0 0 0 0]
 [0 0 0 0 0 0 1 0 0 1 0 0 0 1 1 0 0 0 0 0]
 [1 0 0 1 0 0 0 0 0 1 0 0 0 0 0 0 1 0 0 0]
 [0 1 0 0 0 0 0 0 0 0 1 0 1 0 0 0 0 0 0 1]
 [0 0 0 0 1 0 1 0 0 0 0 0 1 0 0 0 0 0 0 1]
 [0 0 0 0 0 0 0 1 1 0 0 0 0 1 1 0 0 0 0 0]
 [0 0 0 0 0 0 1 0 0 1 0 0 0 0 0 0 1 0 0 1]
 [1 0 1 0 0 0 0 1 0 0 0 0 0 0 1 0 0 0 0 0]
 [1 1 0 0 0 0 0 0 0 0 1 0 0 0 0 0 0 1 0 0]
 [0 0 0 0 1 0 0 0 1 0 0 0 1 0 0 1 0 0 0 0]
 [1 1 0 0 0 0 0 0 0 1 0 0 0 0 1 0 0 0 0 0]
 [1 0 1 0 0 0 0 0 0 0 1 0 0 0 0 0 1 0 0 0]
 [1 0 0 1 0 0 0 1 0 0 0 0 0 0 0 0 0 1 0 0]
 [0 1 0 0 0 0 0 0 1 0 0 0 0 0 0 0 0 1 1 0]
 [0 1 0 0 0 0 0 0 0 1 0 0 0 0 0 0 0 0 1 1]
 [0 0 0 0 1 0 0 0 1 0 0 0 0 1 0 0 0 0 1 0]
 [0 0 0 1 0 0 0 0 0 1 0 0 0 1 0 0 0 0 1 0]]

4-intersecting regions:
[[0 0 0 1 0 1 0 0 0 0 0 0 1 0 0]
 [0 0 0 1 1 0 0 0 0 1 0 0 0 0 0]
 [1 0 0 0 0 1 1 0 0 0 0 0 0 0 0]
 [0 1 0 0 0 0 1 0 0 1 0 0 0 0 0]
 [0 1 0 0 0 0 0 0 1 0 0 0 1 0 0]
 [0 0 0 1 0 0 0 1 0 0 0 0 0 1 0]
 [0 1 0 0 0 0 0 1 0 0 0 1 0 0 0]
 [0 0 1 0 0 0 0 0 1 0 0 0 0 1 0]
 [0 0 1 0 0 1 0 0 0 0 0 1 0 0 0]
 [0 0 1 0 0 0 0 0 0 1 0 0 0 0 1]
 [0 0 0 0 0 0 0 0 0 0 1 0 1 0 1]
 [0 0 0 0 0 0 1 0 0 0 1 0 0 1 0]
 [0 0 1 0 0 0 0 0 1 0 0 0 0 1 0]
 [0 0 0 0 0 0 1 0 0 0 1 0 0 1 0]
 [0 1 0 0 0 0 1 0 0 1 0 0 0 0 0]
 [1 0 0 0 1 0 0 0 1 0 0 0 0 0 0]
 [0 0 1 0 0 1 0 0 0 0 0 1 0 0 0]
 [0 0 0 0 1 0 0 0 0 0 1 1 0 0 0]
 [0 0 1 0 0 0 0 0 0 1 0 0 0 0 1]
 [0 0 0 1 1 0 0 0 0 1 0 0 0 0 0]
 [0 0 0 0 0 0 0 0 0 0 1 0 1 0 1]
 [0 1 0 0 0 0 0 1 0 0 0 1 0 0 0]
 [1 0 0 0 1 0 0 0 1 0 0 0 0 0 0]
 [0 1 0 0 0 0 0 0 1 0 0 0 1 0 0]
 [1 0 0 0 0 0 0 1 0 0 0 0 0 0 1]
 [0 0 0 0 1 0 0 0 0 0 1 1 0 0 0]
 [0 0 0 1 0 0 0 1 0 0 0 0 0 1 0]
 [0 0 0 1 0 1 0 0 0 0 0 0 1 0 0]
 [1 0 0 0 0 0 0 1 0 0 0 0 0 0 1]
 [1 0 0 0 0 1 1 0 0 0 0 0 0 0 0]]

6-intersecting regions:
[[2]
 [2]
 [2]
 [2]
 [2]
 [2]
 [2]
 [2]
 [2]
 [2]
 [2]
 [2]
 [2]
 [2]
 [2]
 [2]
 [2]
 [2]
 [2]
 [2]
 [2]
 [2]
 [2]
 [2]
 [2]
 [2]
 [2]
 [2]
 [2]
 [2]]
Elapsed time: 3.159555435180664 seconds.
n = 6, k = 6, i = 5

Minimum sum: 7

All solutions with sum 7:

5-intersecting regions:
[[1 1 1 1 1 1]]

6-intersecting regions:
[[1]]
Elapsed time: 0.12287020683288574 seconds.
n = 6, k = 7, i = 1

Minimum sum: 27

All solutions with sum 27:

1-intersecting regions:
[[2 2 2 2 2 2]]

2-intersecting regions:
[[1 1 1 1 1 1 1 1 1 1 1 1 1 1 1]]
Elapsed time: 0.0819399356842041 seconds.
n = 6, k = 7, i = 2

Minimum sum: 18

All solutions with sum 18:

2-intersecting regions:
[[0 0 2 ... 2 1 0]
 [0 0 2 ... 2 0 1]
 [1 1 1 ... 1 0 0]
 ...
 [1 2 1 ... 1 1 1]
 [1 1 1 ... 1 0 1]
 [0 0 1 ... 1 0 1]]

3-intersecting regions:
[[1 0 0 ... 0 0 0]
 [1 0 0 ... 0 0 0]
 [0 0 1 ... 0 1 1]
 ...
 [0 0 0 ... 0 0 0]
 [0 0 1 ... 0 0 1]
 [0 0 1 ... 0 0 0]]
Elapsed time: 1.968998908996582 seconds.
n = 6, k = 7, i = 3

Minimum sum: 14

All solutions with sum 14:

2-intersecting regions:
[[1 0 0 ... 0 0 1]
 [0 0 0 ... 1 0 0]
 [0 0 0 ... 0 0 0]
 ...
 [0 0 0 ... 0 0 0]
 [0 0 1 ... 0 0 1]
 [0 0 1 ... 0 0 0]]

3-intersecting regions:
[[0 0 1 ... 0 0 1]
 [0 0 1 ... 0 0 1]
 [0 1 0 ... 0 1 1]
 ...
 [0 0 0 ... 0 1 1]
 [0 0 1 ... 0 0 1]
 [0 0 1 ... 1 1 0]]

4-intersecting regions:
[[0 0 0 ... 1 0 0]
 [0 0 0 ... 0 1 0]
 [0 0 1 ... 0 1 0]
 ...
 [0 0 1 ... 0 0 0]
 [0 0 0 ... 0 0 0]
 [0 0 0 ... 0 1 0]]
Elapsed time: 120.13700151443481 seconds.
n = 6, k = 7, i = 4

Minimum sum: 11

All solutions with sum 11:

3-intersecting regions:
[[0 0 0 0 0 0 0 0 0 0 1 0 0 1 0 0 0 0 0 0]
 [0 0 0 0 0 0 0 0 0 1 0 0 0 0 0 1 0 0 0 0]
 [0 0 0 0 0 1 0 0 0 0 0 0 0 0 1 0 0 0 0 0]
 [0 0 0 1 0 0 0 0 0 0 0 0 1 0 0 0 0 0 0 0]
 [1 0 0 0 1 0 0 0 0 0 0 0 0 0 0 0 0 0 0 0]
 [0 0 0 0 0 0 0 0 1 0 0 0 0 0 0 0 1 0 0 0]
 [0 0 0 0 0 0 0 1 0 0 0 0 0 0 0 0 0 0 0 1]
 [0 0 0 0 0 0 1 0 0 0 0 0 0 0 0 0 0 1 0 0]
 [0 0 1 0 0 0 0 0 0 0 0 0 0 0 0 0 0 0 1 0]
 [0 1 0 0 0 0 0 0 0 0 0 1 0 0 0 0 0 0 0 0]]

4-intersecting regions:
[[1 1 1 0 0 1 1 1 0 1 0 1 0 0 1]
 [1 1 0 1 1 1 1 0 1 1 0 0 1 0 0]
 [0 1 1 0 0 0 1 0 1 1 1 0 1 1 1]
 [1 0 1 0 1 1 1 0 1 0 1 1 0 1 0]
 [1 1 0 0 1 0 0 1 1 0 1 1 1 0 1]
 [1 0 1 1 1 0 0 1 1 1 0 0 0 1 1]
 [0 0 1 1 1 1 0 0 0 1 1 1 1 0 1]
 [0 1 0 1 1 0 1 1 0 1 1 1 0 1 0]
 [1 0 0 1 0 1 1 1 0 0 1 0 1 1 1]
 [0 1 1 1 0 1 0 1 1 0 0 1 1 1 0]]
Elapsed time: 0.4910571575164795 seconds.
n = 6, k = 7, i = 5

Minimum sum: 10

All solutions with sum 10:

3-intersecting regions:
[[1 1 0 0 0 0 0 0 0 1 0 0 0 0 1 0 0 0 0 0]
 [0 0 0 0 0 1 0 0 0 0 1 0 0 0 0 0 1 0 0 1]
 [0 0 0 1 0 0 0 1 0 0 0 1 0 1 0 0 0 0 0 0]
 [0 0 0 0 1 0 1 0 0 0 0 1 0 1 0 0 0 0 0 0]
 [0 1 0 0 0 0 0 0 0 1 0 0 0 0 0 0 0 0 1 1]
 [0 0 0 1 0 0 0 0 0 1 0 0 0 1 0 0 0 0 1 0]
 [1 1 0 0 0 0 0 0 0 0 1 0 0 0 0 0 0 1 0 0]
 [0 1 0 0 0 0 0 0 1 0 0 0 0 0 0 0 0 1 1 0]
 [0 0 0 0 1 0 0 0 1 0 0 0 0 1 0 0 0 0 1 0]
 [0 0 0 0 1 1 0 0 0 0 0 0 0 0 0 0 0 0 1 1]
 [0 0 0 1 0 1 0 0 0 0 0 0 0 0 0 0 0 1 1 0]
 [0 0 0 1 0 1 0 0 0 0 0 1 0 0 0 0 1 0 0 0]
 [0 0 0 0 1 1 0 0 0 0 0 1 0 0 0 1 0 0 0 0]
 [0 0 0 0 0 0 1 0 0 1 0 0 0 0 0 0 1 0 0 1]
 [1 0 1 0 0 0 0 1 0 0 0 0 0 0 1 0 0 0 0 0]
 [1 0 1 0 0 0 0 0 0 0 1 0 0 0 0 0 1 0 0 0]
 [1 0 0 1 0 0 0 0 0 1 0 0 0 0 0 0 1 0 0 0]
 [0 0 1 0 0 0 1 0 0 0 0 0 1 0 1 0 0 0 0 0]
 [0 0 0 0 0 0 0 1 1 0 0 0 0 0 0 1 0 1 0 0]
 [0 1 0 0 0 0 0 0 0 0 1 0 1 0 0 0 0 0 0 1]
 [0 0 0 0 0 1 0 0 0 0 1 0 0 0 0 1 0 1 0 0]
 [0 0 1 0 0 0 0 0 0 0 1 0 1 0 0 1 0 0 0 0]
 [0 0 0 0 1 0 0 0 1 0 0 0 1 0 0 1 0 0 0 0]
 [0 0 0 0 0 0 1 0 0 1 0 0 0 1 1 0 0 0 0 0]
 [0 0 0 0 1 0 1 0 0 0 0 0 1 0 0 0 0 0 0 1]
 [0 0 0 0 0 0 0 1 1 0 0 0 0 1 1 0 0 0 0 0]
 [0 0 1 0 0 0 0 1 0 0 0 1 0 0 0 1 0 0 0 0]
 [0 0 1 0 0 0 1 0 0 0 0 1 0 0 0 0 1 0 0 0]
 [1 0 0 1 0 0 0 1 0 0 0 0 0 0 0 0 0 1 0 0]
 [0 1 0 0 0 0 0 0 1 0 0 0 1 0 1 0 0 0 0 0]]

4-intersecting regions:
[[0 1 0 0 0 0 0 0 1 0 0 0 1 0 0]
 [0 0 1 0 0 0 0 0 0 1 0 0 0 0 1]
 [0 0 1 0 0 1 0 0 0 0 0 1 0 0 0]
 [0 1 0 0 0 0 0 1 0 0 0 1 0 0 0]
 [0 0 0 1 0 1 0 0 0 0 0 0 1 0 0]
 [1 0 0 0 0 1 1 0 0 0 0 0 0 0 0]
 [0 1 0 0 0 0 0 1 0 0 0 1 0 0 0]
 [0 0 0 1 0 0 0 1 0 0 0 0 0 1 0]
 [1 0 0 0 0 0 0 1 0 0 0 0 0 0 1]
 [0 0 0 0 0 0 0 0 0 0 1 0 1 0 1]
 [0 0 0 0 0 0 1 0 0 0 1 0 0 1 0]
 [0 0 1 0 0 0 0 0 1 0 0 0 0 1 0]
 [0 1 0 0 0 0 0 0 1 0 0 0 1 0 0]
 [0 0 0 1 1 0 0 0 0 1 0 0 0 0 0]
 [0 0 0 0 0 0 0 0 0 0 1 0 1 0 1]
 [1 0 0 0 0 0 0 1 0 0 0 0 0 0 1]
 [1 0 0 0 1 0 0 0 1 0 0 0 0 0 0]
 [0 0 0 0 0 0 1 0 0 0 1 0 0 1 0]
 [0 0 0 1 1 0 0 0 0 1 0 0 0 0 0]
 [0 0 1 0 0 1 0 0 0 0 0 1 0 0 0]
 [0 1 0 0 0 0 1 0 0 1 0 0 0 0 0]
 [1 0 0 0 0 1 1 0 0 0 0 0 0 0 0]
 [1 0 0 0 1 0 0 0 1 0 0 0 0 0 0]
 [0 1 0 0 0 0 1 0 0 1 0 0 0 0 0]
 [0 0 0 0 1 0 0 0 0 0 1 1 0 0 0]
 [0 0 1 0 0 0 0 0 0 1 0 0 0 0 1]
 [0 0 0 1 0 1 0 0 0 0 0 0 1 0 0]
 [0 0 0 1 0 0 0 1 0 0 0 0 0 1 0]
 [0 0 0 0 1 0 0 0 0 0 1 1 0 0 0]
 [0 0 1 0 0 0 0 0 1 0 0 0 0 1 0]]

6-intersecting regions:
[[3]
 [3]
 [3]
 [3]
 [3]
 [3]
 [3]
 [3]
 [3]
 [3]
 [3]
 [3]
 [3]
 [3]
 [3]
 [3]
 [3]
 [3]
 [3]
 [3]
 [3]
 [3]
 [3]
 [3]
 [3]
 [3]
 [3]
 [3]
 [3]
 [3]]
Elapsed time: 3.952261447906494 seconds.
n = 6, k = 7, i = 6

Minimum sum: 8

All solutions with sum 8:

5-intersecting regions:
[[1 1 1 1 1 1]]

6-intersecting regions:
[[2]]
Elapsed time: 0.08915281295776367 seconds.
n = 6, k = 8, i = 1

Minimum sum: 33

All solutions with sum 33:

1-intersecting regions:
[[3 3 3 3 3 3]]

2-intersecting regions:
[[1 1 1 1 1 1 1 1 1 1 1 1 1 1 1]]
Elapsed time: 0.10656547546386719 seconds.
n = 6, k = 8, i = 2

Minimum sum: 22

All solutions with sum 22:

2-intersecting regions:
[[0 2 2 ... 2 2 0]
 [0 0 0 ... 0 2 2]
 [0 0 1 ... 1 1 2]
 ...
 [1 1 1 ... 1 2 1]
 [1 0 2 ... 2 1 1]
 [1 0 1 ... 1 2 1]]

3-intersecting regions:
[[0 0 0 ... 0 0 0]
 [0 2 0 ... 0 0 0]
 [0 1 0 ... 0 0 0]
 ...
 [1 1 0 ... 0 0 0]
 [1 0 0 ... 0 0 0]
 [1 1 0 ... 0 0 0]]
Elapsed time: 0.40920019149780273 seconds.
n = 6, k = 8, i = 3

Minimum sum: 17

All solutions with sum 17:

2-intersecting regions:
[[0 0 0 ... 0 0 0]
 [0 0 0 ... 0 0 1]
 [1 0 1 ... 0 0 0]
 ...
 [0 0 0 ... 0 0 0]
 [1 1 0 ... 0 0 1]
 [0 0 0 ... 0 0 1]]

3-intersecting regions:
[[0 1 1 ... 1 1 0]
 [0 1 1 ... 0 0 0]
 [0 0 1 ... 0 1 0]
 ...
 [1 1 1 ... 2 1 0]
 [1 0 1 ... 0 0 1]
 [1 1 1 ... 1 0 1]]
Elapsed time: 2.407531499862671 seconds.
n = 6, k = 8, i = 4

Minimum sum: 14

All solutions with sum 14:

3-intersecting regions:
[[0 2 0 ... 0 0 2]
 [0 2 0 ... 0 0 1]
 [0 2 0 ... 0 2 2]
 ...
 [0 0 1 ... 0 0 0]
 [1 1 0 ... 1 1 0]
 [0 1 0 ... 0 0 1]]

4-intersecting regions:
[[0 0 2 ... 0 0 0]
 [0 0 2 ... 0 1 0]
 [0 0 0 ... 2 0 0]
 ...
 [1 0 0 ... 0 1 0]
 [1 0 0 ... 0 1 0]
 [0 0 1 ... 0 1 0]]
Elapsed time: 3.535513401031494 seconds.
n = 6, k = 8, i = 5

Minimum sum: 12

All solutions with sum 12:

3-intersecting regions:
[[0 0 0 ... 0 0 0]
 [0 1 0 ... 0 1 0]
 [0 0 0 ... 1 1 0]
 ...
 [0 1 0 ... 1 0 0]
 [0 1 0 ... 0 0 0]
 [0 1 0 ... 0 0 1]]

4-intersecting regions:
[[0 1 1 ... 0 0 1]
 [1 1 0 ... 1 1 0]
 [0 1 0 ... 0 1 1]
 ...
 [0 0 0 ... 0 1 0]
 [0 1 1 ... 1 1 0]
 [0 0 0 ... 1 0 0]]

5-intersecting regions:
[[0 1 1 0 1 0]
 [1 1 0 0 1 0]
 [0 1 1 0 1 0]
 [0 0 1 1 1 0]
 [0 0 1 1 1 0]
 [0 0 1 0 1 1]
 [0 1 0 1 1 0]
 [0 0 1 1 1 0]
 [0 0 1 0 1 1]
 [0 0 0 0 0 0]
 [0 1 0 1 1 0]
 [0 1 0 1 0 1]
 [1 1 0 0 0 1]
 [1 0 1 0 0 1]
 [1 1 1 0 0 0]
 [1 0 1 0 1 0]
 [1 0 1 0 1 0]
 [1 0 0 0 1 1]
 [1 1 0 0 1 0]
 [0 1 1 0 0 1]
 [0 1 1 0 1 0]
 [0 1 1 1 0 0]
 [0 1 0 0 1 1]
 [0 0 0 0 0 0]
 [1 0 0 0 1 1]
 [0 0 1 0 1 1]
 [1 1 0 0 1 0]
 [1 0 1 1 0 0]
 [0 0 1 1 0 1]
 [0 0 1 0 1 1]
 [1 0 1 0 0 1]
 [1 0 0 1 0 1]
 [1 0 1 0 0 1]
 [0 0 0 1 1 1]
 [1 0 0 1 0 1]
 [1 1 0 1 0 0]
 [1 1 0 0 0 1]
 [1 1 0 1 0 0]
 [1 0 1 1 0 0]
 [1 0 0 1 1 0]
 [1 0 1 1 0 0]
 [1 0 1 1 0 0]
 [1 0 0 1 0 1]
 [1 0 0 1 0 1]
 [1 0 0 1 1 0]
 [0 1 0 1 1 0]
 [0 0 0 0 0 0]
 [1 1 0 1 0 0]
 [1 1 0 1 0 0]
 [1 0 1 0 0 1]
 [0 0 0 1 1 1]
 [0 0 1 1 0 1]
 [0 1 1 0 0 1]
 [1 0 1 1 0 0]
 [0 1 1 0 1 0]
 [1 1 1 0 0 0]
 [1 1 0 0 0 1]
 [0 0 1 1 1 0]
 [0 1 0 0 1 1]
 [0 1 1 0 1 0]
 [0 1 1 0 1 0]
 [0 1 0 1 1 0]
 [1 1 0 0 1 0]
 [1 0 0 0 1 1]
 [1 0 1 0 1 0]
 [1 1 1 0 0 0]
 [1 0 1 0 0 1]
 [1 1 1 0 0 0]
 [0 0 0 1 1 1]
 [1 0 0 1 1 0]
 [1 0 1 0 1 0]
 [1 0 1 0 1 0]
 [1 0 1 0 1 0]
 [0 1 0 0 1 1]
 [0 1 1 0 0 1]
 [0 1 1 1 0 0]
 [0 0 1 1 0 1]
 [1 0 0 0 1 1]
 [1 0 0 1 1 0]
 [0 0 1 1 0 1]
 [0 0 0 1 1 1]
 [0 0 0 1 1 1]
 [0 0 1 0 1 1]
 [0 0 1 1 0 1]
 [0 0 1 1 1 0]
 [0 0 1 1 1 0]
 [1 0 1 0 0 1]
 [1 0 1 1 0 0]
 [0 1 1 1 0 0]
 [0 1 1 0 0 1]
 [1 1 1 0 0 0]
 [1 0 0 0 1 1]
 [1 0 0 1 1 0]
 [1 1 0 0 1 0]
 [0 1 0 1 1 0]
 [0 0 0 1 1 1]
 [0 0 1 1 0 1]
 [0 1 0 1 1 0]
 [0 1 1 1 0 0]
 [0 0 0 0 0 0]
 [0 0 0 0 0 0]
 [0 0 0 0 0 0]
 [1 0 0 0 1 1]
 [0 0 1 0 1 1]
 [1 1 0 0 0 1]
 [1 0 0 1 1 0]
 [1 1 0 0 0 1]
 [1 0 0 1 0 1]
 [0 1 1 0 0 1]
 [1 1 0 0 0 1]
 [0 1 1 0 0 1]
 [0 1 1 1 0 0]
 [0 1 0 1 0 1]
 [1 0 0 1 0 1]
 [0 1 0 1 0 1]
 [0 1 0 1 0 1]
 [1 1 0 1 0 0]
 [1 1 0 1 0 0]
 [1 1 0 0 1 0]
 [0 1 0 0 1 1]
 [1 1 1 0 0 0]
 [0 1 0 0 1 1]
 [0 1 0 0 1 1]
 [0 0 0 0 0 0]
 [0 1 1 1 0 0]
 [0 0 0 0 0 0]
 [0 0 0 0 0 0]
 [0 1 0 1 0 1]
 [0 0 0 0 0 0]
 [0 1 0 1 0 1]]

6-intersecting regions:
[[0]
 [0]
 [0]
 [0]
 [0]
 [0]
 [0]
 [0]
 [0]
 [1]
 [0]
 [0]
 [0]
 [0]
 [0]
 [0]
 [0]
 [0]
 [0]
 [0]
 [0]
 [0]
 [0]
 [1]
 [0]
 [0]
 [0]
 [0]
 [0]
 [0]
 [0]
 [0]
 [0]
 [0]
 [0]
 [0]
 [0]
 [0]
 [0]
 [0]
 [0]
 [0]
 [0]
 [0]
 [0]
 [0]
 [1]
 [0]
 [0]
 [0]
 [0]
 [0]
 [0]
 [0]
 [0]
 [0]
 [0]
 [0]
 [0]
 [0]
 [0]
 [0]
 [0]
 [0]
 [0]
 [0]
 [0]
 [0]
 [0]
 [0]
 [0]
 [0]
 [0]
 [0]
 [0]
 [0]
 [0]
 [0]
 [0]
 [0]
 [0]
 [0]
 [0]
 [0]
 [0]
 [0]
 [0]
 [0]
 [0]
 [0]
 [0]
 [0]
 [0]
 [0]
 [0]
 [0]
 [0]
 [0]
 [0]
 [1]
 [1]
 [1]
 [0]
 [0]
 [0]
 [0]
 [0]
 [0]
 [0]
 [0]
 [0]
 [0]
 [0]
 [0]
 [0]
 [0]
 [0]
 [0]
 [0]
 [0]
 [0]
 [0]
 [0]
 [1]
 [0]
 [1]
 [1]
 [0]
 [1]
 [0]]
Elapsed time: 7.03055477142334 seconds.
n = 6, k = 8, i = 6

Minimum sum: 11

All solutions with sum 11:

3-intersecting regions:
[[0 0 0 0 0 1 0 0 0 0 1 0 0 0 0 1 0 1 0 0]
 [0 1 0 0 0 0 0 0 1 0 0 0 1 0 1 0 0 0 0 0]
 [0 0 0 0 1 1 0 0 0 0 0 1 0 0 0 1 0 0 0 0]
 [0 0 0 0 1 0 0 0 1 0 0 0 1 0 0 1 0 0 0 0]
 [0 0 0 1 0 1 0 0 0 0 0 1 0 0 0 0 1 0 0 0]
 [0 0 0 1 0 1 0 0 0 0 0 0 0 0 0 0 0 1 1 0]
 [0 0 0 0 0 1 0 0 0 0 1 0 0 0 0 0 1 0 0 1]
 [0 0 1 0 0 0 0 0 0 0 1 0 1 0 0 1 0 0 0 0]
 [1 1 0 0 0 0 0 0 0 0 1 0 0 0 0 0 0 1 0 0]
 [1 0 1 0 0 0 0 1 0 0 0 0 0 0 1 0 0 0 0 0]
 [1 1 0 0 0 0 0 0 0 1 0 0 0 0 1 0 0 0 0 0]
 [1 0 0 1 0 0 0 0 0 1 0 0 0 0 0 0 1 0 0 0]
 [0 1 0 0 0 0 0 0 0 0 1 0 1 0 0 0 0 0 0 1]
 [0 0 1 0 0 0 1 0 0 0 0 1 0 0 0 0 1 0 0 0]
 [0 0 1 0 0 0 1 0 0 0 0 0 1 0 1 0 0 0 0 0]
 [0 1 0 0 0 0 0 0 0 1 0 0 0 0 0 0 0 0 1 1]
 [0 0 0 0 0 0 0 1 1 0 0 0 0 0 0 1 0 1 0 0]
 [0 0 0 0 1 0 0 0 1 0 0 0 0 1 0 0 0 0 1 0]
 [0 0 0 0 1 0 1 0 0 0 0 1 0 1 0 0 0 0 0 0]
 [0 0 0 0 0 0 1 0 0 1 0 0 0 1 1 0 0 0 0 0]
 [0 0 0 0 0 0 1 0 0 1 0 0 0 0 0 0 1 0 0 1]
 [0 0 0 0 1 0 1 0 0 0 0 0 1 0 0 0 0 0 0 1]
 [0 0 0 1 0 0 0 1 0 0 0 1 0 1 0 0 0 0 0 0]
 [0 0 0 1 0 0 0 0 0 1 0 0 0 1 0 0 0 0 1 0]
 [0 0 0 0 1 1 0 0 0 0 0 0 0 0 0 0 0 0 1 1]
 [1 0 0 1 0 0 0 1 0 0 0 0 0 0 0 0 0 1 0 0]
 [0 1 0 0 0 0 0 0 1 0 0 0 0 0 0 0 0 1 1 0]
 [0 0 0 0 0 0 0 1 1 0 0 0 0 1 1 0 0 0 0 0]
 [1 0 1 0 0 0 0 0 0 0 1 0 0 0 0 0 1 0 0 0]
 [0 0 1 0 0 0 0 1 0 0 0 1 0 0 0 1 0 0 0 0]]

4-intersecting regions:
[[0 1 0 0 0 0 1 0 0 1 0 0 0 0 0]
 [0 0 1 0 0 0 0 0 1 0 0 0 0 1 0]
 [0 1 0 0 0 0 0 0 1 0 0 0 1 0 0]
 [1 0 0 0 1 0 0 0 1 0 0 0 0 0 0]
 [0 0 1 0 0 0 0 0 1 0 0 0 0 1 0]
 [0 0 0 0 0 0 1 0 0 0 1 0 0 1 0]
 [0 0 1 0 0 0 0 0 0 1 0 0 0 0 1]
 [1 0 0 0 0 1 1 0 0 0 0 0 0 0 0]
 [0 1 0 0 0 0 0 1 0 0 0 1 0 0 0]
 [0 0 0 0 0 0 0 0 0 0 1 0 1 0 1]
 [0 1 0 0 0 0 0 0 1 0 0 0 1 0 0]
 [1 0 0 0 1 0 0 0 1 0 0 0 0 0 0]
 [0 0 1 0 0 1 0 0 0 0 0 1 0 0 0]
 [0 0 0 1 0 0 0 1 0 0 0 0 0 1 0]
 [0 0 0 0 0 0 1 0 0 0 1 0 0 1 0]
 [0 0 0 1 0 1 0 0 0 0 0 0 1 0 0]
 [0 0 0 1 1 0 0 0 0 1 0 0 0 0 0]
 [1 0 0 0 0 0 0 1 0 0 0 0 0 0 1]
 [0 1 0 0 0 0 0 1 0 0 0 1 0 0 0]
 [0 1 0 0 0 0 1 0 0 1 0 0 0 0 0]
 [0 0 0 1 1 0 0 0 0 1 0 0 0 0 0]
 [0 0 0 0 1 0 0 0 0 0 1 1 0 0 0]
 [0 0 1 0 0 1 0 0 0 0 0 1 0 0 0]
 [1 0 0 0 0 1 1 0 0 0 0 0 0 0 0]
 [0 0 0 0 0 0 0 0 0 0 1 0 1 0 1]
 [0 0 0 0 1 0 0 0 0 0 1 1 0 0 0]
 [0 0 0 1 0 0 0 1 0 0 0 0 0 1 0]
 [0 0 1 0 0 0 0 0 0 1 0 0 0 0 1]
 [1 0 0 0 0 0 0 1 0 0 0 0 0 0 1]
 [0 0 0 1 0 1 0 0 0 0 0 0 1 0 0]]

6-intersecting regions:
[[4]
 [4]
 [4]
 [4]
 [4]
 [4]
 [4]
 [4]
 [4]
 [4]
 [4]
 [4]
 [4]
 [4]
 [4]
 [4]
 [4]
 [4]
 [4]
 [4]
 [4]
 [4]
 [4]
 [4]
 [4]
 [4]
 [4]
 [4]
 [4]
 [4]]
Elapsed time: 3.19295334815979 seconds.
n = 6, k = 8, i = 7

Minimum sum: 9

All solutions with sum 9:

5-intersecting regions:
[[1 1 1 1 1 1]]

6-intersecting regions:
[[3]]
Elapsed time: 0.11465144157409668 seconds.
n = 6, k = 9, i = 1

Minimum sum: 39

All solutions with sum 39:

1-intersecting regions:
[[4 4 4 4 4 4]]

2-intersecting regions:
[[1 1 1 1 1 1 1 1 1 1 1 1 1 1 1]]
Elapsed time: 0.1048727035522461 seconds.
n = 6, k = 9, i = 2

Minimum sum: 26

All solutions with sum 26:

2-intersecting regions:
[[1 2 2 1 1 1 2 1 2 2 2 2 2 2 1]
 [1 1 1 2 2 1 2 2 2 2 2 1 1 2 2]
 [1 1 2 2 2 2 2 1 2 1 1 2 2 1 2]
 [2 2 1 1 2 2 2 1 1 2 1 2 1 2 2]
 [2 2 2 2 1 1 1 2 2 1 1 2 1 2 2]
 [2 1 2 1 2 2 1 2 2 2 2 2 1 1 1]
 [2 2 1 2 1 2 1 1 2 2 2 1 2 1 2]
 [2 1 2 2 1 2 2 2 1 2 1 1 2 2 1]
 [1 2 1 2 2 2 1 2 1 1 2 2 2 2 1]
 [2 2 2 1 2 1 2 2 1 1 2 1 2 1 2]]

3-intersecting regions:
[[0 0 0 0 0 0 0 0 0 1 0 0 0 0 0 1 0 0 0 0]
 [0 1 0 0 0 0 0 0 0 0 0 1 0 0 0 0 0 0 0 0]
 [0 0 0 1 0 0 0 0 0 0 0 0 1 0 0 0 0 0 0 0]
 [0 0 0 0 0 1 0 0 0 0 0 0 0 0 1 0 0 0 0 0]
 [0 0 0 0 0 0 0 0 0 0 1 0 0 1 0 0 0 0 0 0]
 [0 0 1 0 0 0 0 0 0 0 0 0 0 0 0 0 0 0 1 0]
 [0 0 0 0 0 0 0 1 0 0 0 0 0 0 0 0 0 0 0 1]
 [1 0 0 0 1 0 0 0 0 0 0 0 0 0 0 0 0 0 0 0]
 [0 0 0 0 0 0 1 0 0 0 0 0 0 0 0 0 0 1 0 0]
 [0 0 0 0 0 0 0 0 1 0 0 0 0 0 0 0 1 0 0 0]]
Elapsed time: 0.3419032096862793 seconds.
n = 6, k = 9, i = 3

Minimum sum: 21

All solutions with sum 21:

2-intersecting regions:
[[0 0 3 ... 0 0 0]
 [1 0 3 ... 0 0 0]
 [2 0 3 ... 0 0 0]
 ...
 [1 0 0 ... 0 0 0]
 [1 1 0 ... 1 0 0]
 [1 1 0 ... 1 1 0]]

3-intersecting regions:
[[0 0 3 ... 0 0 0]
 [1 0 3 ... 0 0 0]
 [2 0 3 ... 0 0 0]
 ...
 [1 1 2 ... 0 1 1]
 [1 1 1 ... 1 1 1]
 [1 0 1 ... 1 0 1]]
Elapsed time: 27.3027822971344 seconds.
n = 6, k = 9, i = 4

Minimum sum: 17

All solutions with sum 17:

3-intersecting regions:
[[0 1 0 ... 1 1 2]
 [1 1 1 ... 1 0 1]
 [0 2 0 ... 1 1 1]
 ...
 [1 0 1 ... 1 0 0]
 [1 1 1 ... 1 1 0]
 [1 1 0 ... 1 1 1]]

4-intersecting regions:
[[0 0 1 ... 0 0 1]
 [0 0 1 ... 0 0 1]
 [0 0 1 ... 0 1 0]
 ...
 [0 0 0 ... 0 0 0]
 [0 0 0 ... 0 1 0]
 [0 0 0 ... 0 0 0]]
Elapsed time: 2.7250380516052246 seconds.
n = 6, k = 9, i = 5

Minimum sum: 15

All solutions with sum 15:

2-intersecting regions:
[[0 0 0 ... 0 0 0]
 [0 0 0 ... 0 0 0]
 [1 0 0 ... 0 0 0]
 ...
 [0 1 0 ... 0 1 0]
 [0 0 0 ... 0 1 0]
 [0 0 0 ... 1 0 0]]

3-intersecting regions:
[[0 0 0 ... 1 0 0]
 [0 0 0 ... 0 0 0]
 [1 0 1 ... 0 0 0]
 ...
 [0 0 0 ... 0 0 0]
 [0 1 0 ... 0 0 0]
 [0 1 1 ... 0 0 0]]

4-intersecting regions:
[[0 0 0 ... 0 1 0]
 [1 0 0 ... 0 1 0]
 [1 0 0 ... 0 1 0]
 ...
 [1 0 1 ... 1 1 0]
 [1 0 1 ... 1 1 0]
 [1 0 0 ... 1 1 0]]

5-intersecting regions:
[[0 0 0 0 1 1]
 [0 0 0 0 1 1]
 [0 1 0 0 1 0]
 ...
 [1 0 0 0 0 0]
 [1 0 0 0 0 0]
 [1 0 0 0 0 1]]

6-intersecting regions:
[[0]
 [0]
 [0]
 ...
 [0]
 [0]
 [0]]
Elapsed time: 274.5754597187042 seconds.
n = 6, k = 9, i = 6

Minimum sum: 13

All solutions with sum 13:

2-intersecting regions:
[[0 0 0 ... 0 0 0]
 [1 0 0 ... 0 0 0]
 [0 0 0 ... 0 0 0]
 ...
 [0 0 0 ... 1 0 0]
 [0 0 0 ... 0 0 0]
 [0 0 0 ... 0 0 0]]

3-intersecting regions:
[[0 0 0 ... 1 0 0]
 [0 0 0 ... 0 0 0]
 [0 0 0 ... 1 0 0]
 ...
 [0 0 0 ... 0 0 0]
 [0 0 0 ... 1 0 0]
 [0 0 0 ... 0 0 0]]

4-intersecting regions:
[[0 1 0 ... 0 0 0]
 [0 0 0 ... 0 1 0]
 [0 0 0 ... 0 0 0]
 ...
 [0 1 1 ... 1 1 1]
 [0 0 0 ... 0 1 1]
 [1 0 1 ... 0 1 1]]

5-intersecting regions:
[[1 1 1 1 1 1]
 [0 1 1 0 1 2]
 [1 1 1 1 1 1]
 ...
 [1 0 1 0 2 1]
 [0 1 0 0 1 1]
 [0 0 0 0 0 0]]

6-intersecting regions:
[[0]
 [0]
 [0]
 [1]
 [1]
 [1]
 [0]
 [1]
 [1]
 [0]
 [0]
 [0]
 [1]
 [1]
 [0]
 [1]
 [1]
 [0]
 [1]
 [0]
 [0]
 [0]
 [0]
 [1]
 [0]
 [0]
 [1]
 [0]
 [1]
 [1]
 [0]
 [1]
 [1]
 [0]
 [1]
 [0]
 [1]
 [0]
 [0]
 [1]
 [0]
 [2]
 [1]
 [1]
 [0]
 [2]
 [1]
 [1]
 [0]
 [1]
 [1]
 [1]
 [0]
 [1]
 [1]
 [0]
 [1]
 [1]
 [1]
 [0]
 [0]
 [0]
 [0]
 [0]
 [0]
 [1]
 [1]
 [1]
 [0]
 [0]
 [0]
 [1]
 [1]
 [0]
 [1]
 [0]
 [1]
 [0]
 [0]
 [0]
 [1]
 [0]
 [1]
 [1]
 [1]
 [0]
 [1]
 [1]
 [1]
 [0]
 [0]
 [0]
 [0]
 [1]
 [1]
 [0]
 [0]
 [1]
 [1]
 [1]
 [1]
 [1]
 [0]
 [1]
 [0]
 [1]
 [1]
 [1]
 [0]
 [0]
 [1]
 [1]
 [0]
 [1]
 [0]
 [0]
 [0]
 [0]
 [1]
 [0]
 [2]
 [1]
 [1]
 [0]
 [1]
 [0]
 [1]
 [0]
 [2]
 [1]
 [0]
 [0]
 [1]
 [1]
 [1]
 [1]
 [0]
 [1]
 [1]
 [1]
 [0]
 [1]
 [0]
 [1]
 [1]
 [1]
 [1]
 [1]
 [1]
 [1]
 [0]
 [1]
 [1]
 [0]
 [1]
 [0]
 [1]
 [1]
 [1]
 [1]
 [0]
 [1]
 [0]
 [1]
 [2]
 [0]
 [0]
 [2]
 [1]
 [0]
 [0]
 [1]
 [1]
 [0]
 [1]
 [1]
 [0]
 [1]
 [1]
 [1]
 [1]
 [1]
 [0]
 [1]
 [0]
 [0]
 [0]
 [0]
 [1]
 [1]
 [0]
 [0]
 [1]
 [0]
 [1]
 [1]
 [1]
 [1]
 [1]
 [1]
 [1]
 [1]
 [0]
 [1]
 [1]
 [1]
 [1]
 [1]
 [1]
 [2]
 [0]
 [1]
 [0]
 [1]
 [2]
 [2]
 [0]
 [0]
 [1]
 [2]]
Elapsed time: 12.417629718780518 seconds.
n = 6, k = 9, i = 7

Minimum sum: 12

All solutions with sum 12:

3-intersecting regions:
[[0 0 0 0 1 1 0 0 0 0 0 0 0 0 0 0 0 0 1 1]
 [1 0 1 0 0 0 0 1 0 0 0 0 0 0 1 0 0 0 0 0]
 [1 0 0 1 0 0 0 1 0 0 0 0 0 0 0 0 0 1 0 0]
 [0 1 0 0 0 0 0 0 0 1 0 0 0 0 0 0 0 0 1 1]
 [1 1 0 0 0 0 0 0 0 1 0 0 0 0 1 0 0 0 0 0]
 [1 0 0 1 0 0 0 0 0 1 0 0 0 0 0 0 1 0 0 0]
 [1 1 0 0 0 0 0 0 0 0 1 0 0 0 0 0 0 1 0 0]
 [1 0 1 0 0 0 0 0 0 0 1 0 0 0 0 0 1 0 0 0]
 [0 0 0 0 0 1 0 0 0 0 1 0 0 0 0 0 1 0 0 1]
 [0 0 0 1 0 1 0 0 0 0 0 1 0 0 0 0 1 0 0 0]
 [0 0 1 0 0 0 1 0 0 0 0 0 1 0 1 0 0 0 0 0]
 [0 0 1 0 0 0 0 1 0 0 0 1 0 0 0 1 0 0 0 0]
 [0 0 0 0 1 0 0 0 1 0 0 0 1 0 0 1 0 0 0 0]
 [0 0 0 1 0 0 0 1 0 0 0 1 0 1 0 0 0 0 0 0]
 [0 0 0 0 0 0 0 1 1 0 0 0 0 1 1 0 0 0 0 0]
 [0 0 0 0 0 0 1 0 0 1 0 0 0 1 1 0 0 0 0 0]
 [0 0 0 0 1 0 1 0 0 0 0 1 0 1 0 0 0 0 0 0]
 [0 0 0 0 1 0 0 0 1 0 0 0 0 1 0 0 0 0 1 0]
 [0 0 0 1 0 0 0 0 0 1 0 0 0 1 0 0 0 0 1 0]
 [0 1 0 0 0 0 0 0 1 0 0 0 0 0 0 0 0 1 1 0]
 [0 0 0 0 0 0 1 0 0 1 0 0 0 0 0 0 1 0 0 1]
 [0 0 0 1 0 1 0 0 0 0 0 0 0 0 0 0 0 1 1 0]
 [0 0 1 0 0 0 0 0 0 0 1 0 1 0 0 1 0 0 0 0]
 [0 0 0 0 1 0 1 0 0 0 0 0 1 0 0 0 0 0 0 1]
 [0 0 1 0 0 0 1 0 0 0 0 1 0 0 0 0 1 0 0 0]
 [0 0 0 0 0 1 0 0 0 0 1 0 0 0 0 1 0 1 0 0]
 [0 1 0 0 0 0 0 0 1 0 0 0 1 0 1 0 0 0 0 0]
 [0 0 0 0 1 1 0 0 0 0 0 1 0 0 0 1 0 0 0 0]
 [0 1 0 0 0 0 0 0 0 0 1 0 1 0 0 0 0 0 0 1]
 [0 0 0 0 0 0 0 1 1 0 0 0 0 0 0 1 0 1 0 0]]

4-intersecting regions:
[[0 0 0 0 0 0 0 0 0 0 1 0 1 0 1]
 [0 0 0 0 0 0 0 0 0 0 1 0 1 0 1]
 [0 0 0 0 1 0 0 0 0 0 1 1 0 0 0]
 [0 0 0 1 0 1 0 0 0 0 0 0 1 0 0]
 [0 1 0 0 0 0 0 0 1 0 0 0 1 0 0]
 [1 0 0 0 1 0 0 0 1 0 0 0 0 0 0]
 [0 1 0 0 0 0 0 1 0 0 0 1 0 0 0]
 [1 0 0 0 0 0 0 1 0 0 0 0 0 0 1]
 [0 0 1 0 0 0 0 0 0 1 0 0 0 0 1]
 [0 0 1 0 0 0 0 0 1 0 0 0 0 1 0]
 [0 0 0 0 0 0 1 0 0 0 1 0 0 1 0]
 [0 0 0 1 0 1 0 0 0 0 0 0 1 0 0]
 [1 0 0 0 1 0 0 0 1 0 0 0 0 0 0]
 [0 0 1 0 0 1 0 0 0 0 0 1 0 0 0]
 [0 0 1 0 0 0 0 0 0 1 0 0 0 0 1]
 [0 1 0 0 0 0 1 0 0 1 0 0 0 0 0]
 [0 1 0 0 0 0 0 1 0 0 0 1 0 0 0]
 [1 0 0 0 0 0 0 1 0 0 0 0 0 0 1]
 [1 0 0 0 0 1 1 0 0 0 0 0 0 0 0]
 [0 0 0 1 0 0 0 1 0 0 0 0 0 1 0]
 [0 0 0 1 1 0 0 0 0 1 0 0 0 0 0]
 [0 0 0 0 0 0 1 0 0 0 1 0 0 1 0]
 [1 0 0 0 0 1 1 0 0 0 0 0 0 0 0]
 [0 0 0 0 1 0 0 0 0 0 1 1 0 0 0]
 [0 0 0 1 0 0 0 1 0 0 0 0 0 1 0]
 [0 1 0 0 0 0 1 0 0 1 0 0 0 0 0]
 [0 0 1 0 0 0 0 0 1 0 0 0 0 1 0]
 [0 1 0 0 0 0 0 0 1 0 0 0 1 0 0]
 [0 0 1 0 0 1 0 0 0 0 0 1 0 0 0]
 [0 0 0 1 1 0 0 0 0 1 0 0 0 0 0]]

6-intersecting regions:
[[5]
 [5]
 [5]
 [5]
 [5]
 [5]
 [5]
 [5]
 [5]
 [5]
 [5]
 [5]
 [5]
 [5]
 [5]
 [5]
 [5]
 [5]
 [5]
 [5]
 [5]
 [5]
 [5]
 [5]
 [5]
 [5]
 [5]
 [5]
 [5]
 [5]]
Elapsed time: 3.826265335083008 seconds.
n = 6, k = 9, i = 8

Minimum sum: 10

All solutions with sum 10:

5-intersecting regions:
[[1 1 1 1 1 1]]

6-intersecting regions:
[[4]]
Elapsed time: 0.11696505546569824 seconds.
