    0     0     0     0     0     0     0     0     0     0     0     0     0     0     0     0     0     0     0     0     0
    1     1     0     0     0     0     0     0     0     0     0     0     0     0     0     0     0     0     0     0     0
    1     1     1     0     0     0     0     0     0     0     0     0     0     0     0     0     0     0     0     0     0
    1     1     1     1     0     0     0     0     0     0     0     0     0     0     0     0     0     0     0     0     0
    1     1     2     1     1     0     0     0     0     0     0     0     0     0     0     0     0     0     0     0     0
    1     1     2     2     1     1     0     0     0     0     0     0     0     0     0     0     0     0     0     0     0
    1     1     3     4     3     1     1     0     0     0     0     0     0     0     0     0     0     0     0     0     0
    1     1     3     7     7     3     1     1     0     0     0     0     0     0     0     0     0     0     0     0     0
    1     1     4     8    14     8     4     1     1     0     0     0     0     0     0     0     0     0     0     0     0
    1     1     4    12    18    18    12     4     1     1     0     0     0     0     0     0     0     0     0     0     0
    1     1     5    13    30    36    30    13     5     1     1     0     0     0     0     0     0     0     0     0     0
    1     1     5    17    34    62    62    34    17     5     1     1     0     0     0     0     0     0     0     0     0
    1     1     6    20    45    73   111    73    45    20     6     1     1     0     0     0     0     0     0     0     0
    1     1     6    26    59   104   139   139   104    59    26     6     1     1     0     0     0     0     0     0     0
    1     1     7    28    75   146   215   245   215   146    75    28     7     1     1     0     0     0     0     0     0
    1     1     7    35    93   199   329   414   414   329   199    93    35     7     1     1     0     0     0     0     0
    1     1     8    37   116   265   475   670   745   670   475   265   116    37     8     1     1     0     0     0     0
    1     1     8    44   142   353   675  1036  1289  1289  1036   675   353   142    44     8     1     1     0     0     0
    1     1     9    48   169   452   940  1559  2118  2354  2118  1559   940   452   169    48     9     1     1     0     0
    1     1     9    54   202   572  1275  2308     0     0     0     0  2308  1275   572   202    54     9     1     1     0
    0     0     0     0     0     0     0     0     0     0     0     0     0     0     0     0     0     0     0     0     0
