    0     0     0     0     0     0     0     0     0     0     0     0     0     0     0     0     0     0     0     0     0     0     0
    0     0     0     0     0     0     0     0     0     0     0     0     0     0     0     0     0     0     0     0     0     0     0
    0     1     0     0     0     0     0     0     0     0     0     0     0     0     0     0     0     0     0     0     0     0     0
    0     1     1     0     0     0     0     0     0     0     0     0     0     0     0     0     0     0     0     0     0     0     0
    0     1     2     1     0     0     0     0     0     0     0     0     0     0     0     0     0     0     0     0     0     0     0
    0     1     2     2     1     0     0     0     0     0     0     0     0     0     0     0     0     0     0     0     0     0     0
    0     1     3     4     3     1     0     0     0     0     0     0     0     0     0     0     0     0     0     0     0     0     0
    0     1     3     7     7     3     1     0     0     0     0     0     0     0     0     0     0     0     0     0     0     0     0
    0     1     4     8    14     8     4     1     0     0     0     0     0     0     0     0     0     0     0     0     0     0     0
    0     1     4    12    18    18    12     4     1     0     0     0     0     0     0     0     0     0     0     0     0     0     0
    0     1     5    13    30    36    30    13     5     1     0     0     0     0     0     0     0     0     0     0     0     0     0
    0     1     5    17    34    66    66    34    17     5     1     0     0     0     0     0     0     0     0     0     0     0     0
    0     1     6    20    45    70    90    70    45    20     6     1     0     0     0     0     0     0     0     0     0     0     0
    0     1     6    26    58   104   137   137   104    58    26     6     1     0     0     0     0     0     0     0     0     0     0
    0     1     7    28    77   145   213   241   213   145    77    28     7     1     0     0     0     0     0     0     0     0     0
    0     1     7    33    93   196   320   411   411   320   196    93    33     7     1     0     0     0     0     0     0     0     0
    0     1     8    37   117   269   473   664   747   664   473   269   117    37     8     1     0     0     0     0     0     0     0
    0     1     8    44   139   346   671  1031  1283  1283  1031   671   346   139    44     8     1     0     0     0     0     0     0
    0     1     9    47   168   453   938  1570  2121  2356  2121  1570   938   453   168    47     9     1     0     0     0     0     0
    0     1     9    54   200   569  1277  2301     0     0     0     0  2301  1277   569   200    54     9     1     0     0     0     0
    0     0     0     0     0     0     0     0     0     0     0     0     0     0     0     0     0     0     0     0     0     0     0
    0     0     0     0     0     0     0     0     0     0     0     0     0     0     0     0     0     0     0     0     0     0     0
    0     0     0     0     0     0     0     0     0     0     0     0     0     0     0     0     0     0     0     0     0     0     0
