   -1    -1    -1    -1    -1    -1    -1    -1    -1    -1    -1    -1    -1    -1    -1    -1    -1    -1    -1    -1    -1    -1    -1
   -1    -1    -1    -1    -1    -1    -1    -1    -1    -1    -1    -1    -1    -1    -1    -1    -1    -1    -1    -1    -1    -1    -1
   -1     1    -1    -1    -1    -1    -1    -1    -1    -1    -1    -1    -1    -1    -1    -1    -1    -1    -1    -1    -1    -1    -1
   -1     1     1    -1    -1    -1    -1    -1    -1    -1    -1    -1    -1    -1    -1    -1    -1    -1    -1    -1    -1    -1    -1
   -1     1     2     1    -1    -1    -1    -1    -1    -1    -1    -1    -1    -1    -1    -1    -1    -1    -1    -1    -1    -1    -1
   -1     1     2     2     1    -1    -1    -1    -1    -1    -1    -1    -1    -1    -1    -1    -1    -1    -1    -1    -1    -1    -1
   -1     1     3     4     3     1    -1    -1    -1    -1    -1    -1    -1    -1    -1    -1    -1    -1    -1    -1    -1    -1    -1
   -1     1     3     7     7     3     1    -1    -1    -1    -1    -1    -1    -1    -1    -1    -1    -1    -1    -1    -1    -1    -1
   -1     1     4     8    14     8     4     1    -1    -1    -1    -1    -1    -1    -1    -1    -1    -1    -1    -1    -1    -1    -1
   -1     1     4    12    18    18    12     4     1    -1    -1    -1    -1    -1    -1    -1    -1    -1    -1    -1    -1    -1    -1
   -1     1     5    13    30    36    30    13     5     1    -1    -1    -1    -1    -1    -1    -1    -1    -1    -1    -1    -1    -1
   -1     1     5    17    35    66    66    35    17     5     1    -1    -1    -1    -1    -1    -1    -1    -1    -1    -1    -1    -1
   -1     1     6    20    48    73   132    73    48    20     6     1    -1    -1    -1    -1    -1    -1    -1    -1    -1    -1    -1
   -1     1     6    26    59   106   139   139   106    59    26     6     1    -1    -1    -1    -1    -1    -1    -1    -1    -1    -1
   -1     1     7    28    78   148   218   250   218   148    78    28     7     1    -1    -1    -1    -1    -1    -1    -1    -1    -1
   -1     1     7    35    96   200   326   414   414   326   200    96    35     7     1    -1    -1    -1    -1    -1    -1    -1    -1
   -1     1     8    37   117   268   473   670   748   670   473   268   117    37     8     1    -1    -1    -1    -1    -1    -1    -1
   -1     1     8    43   142   347   676  1038  1282  1282  1038   676   347   142    43     8     1    -1    -1    -1    -1    -1    -1
   -1     1     9    48   169   453   936  1564  2120  2353  2120  1564   936   453   169    48     9     1    -1    -1    -1    -1    -1
   -1     1     9    55   203   573  1279  2303  3393  4115  4115  3393  2303  1279   573   203    55     9     1    -1    -1    -1    -1
   -1     1    10    59   237   720  1714  3314  5279  6939  7594  6939  5279  3314  1714   720   237    59    10     1    -1    -1    -1
   -1     1    10    -1    -1    -1    -1    -1    -1    -1    -1    -1    -1    -1    -1    -1    -1    -1    -1    10     1    -1    -1
   -1    -1    -1    -1    -1    -1    -1    -1    -1    -1    -1    -1    -1    -1    -1    -1    -1    -1    -1    -1    -1    -1    -1
