   -1    -1    -1    -1    -1    -1    -1    -1    -1    -1    -1    -1    -1    -1    -1
    1    -1    -1    -1    -1    -1    -1    -1    -1    -1    -1    -1    -1    -1    -1
   14     7    -1    -1    -1    -1    -1    -1    -1    -1    -1    -1    -1    -1    -1
   91    13    33    -1    -1    -1    -1    -1    -1    -1    -1    -1    -1    -1    -1
  364    78    30    93    -1    -1    -1    -1    -1    -1    -1    -1    -1    -1    -1
 1001   286    78    59   197    -1    -1    -1    -1    -1    -1    -1    -1    -1    -1
 2002   715   235   110    79   323    -1    -1    -1    -1    -1    -1    -1    -1    -1
 3003  1485   645   261   114    96   413    -1    -1    -1    -1    -1    -1    -1    -1
   -1  3003  1485   645   261   114    96   413    -1    -1    -1    -1    -1    -1    -1
   -1    -1    -1  2002   715   235   110    79   323    -1    -1    -1    -1    -1    -1
   -1    -1    -1    -1    -1  1001   286    78    59   197    -1    -1    -1    -1    -1
   -1    -1    -1    -1    -1    -1    -1   364    78    30    93    -1    -1    -1    -1
   -1    -1    -1    -1    -1    -1    -1    -1    -1    91    13    33    -1    -1    -1
   -1    -1    -1    -1    -1    -1    -1    -1    -1    -1    -1    14     7    -1    -1
   -1    -1    -1    -1    -1    -1    -1    -1    -1    -1    -1    -1    -1     1    -1
