   -1    -1    -1    -1    -1    -1    -1    -1    -1    -1    -1    -1    -1    -1    -1    -1    -1    -1    -1    -1    -1
   -1    -1    -1    -1    -1    -1    -1    -1    -1    -1    -1    -1    -1    -1    -1    -1    -1    -1    -1    -1    -1
   -1     1    -1    -1    -1    -1    -1    -1    -1    -1    -1    -1    -1    -1    -1    -1    -1    -1    -1    -1    -1
   -1     1     1    -1    -1    -1    -1    -1    -1    -1    -1    -1    -1    -1    -1    -1    -1    -1    -1    -1    -1
   -1     1     2     1    -1    -1    -1    -1    -1    -1    -1    -1    -1    -1    -1    -1    -1    -1    -1    -1    -1
   -1     1     2     2     1    -1    -1    -1    -1    -1    -1    -1    -1    -1    -1    -1    -1    -1    -1    -1    -1
   -1     1     3     4     3     1    -1    -1    -1    -1    -1    -1    -1    -1    -1    -1    -1    -1    -1    -1    -1
   -1     1     3     7     7     3     1    -1    -1    -1    -1    -1    -1    -1    -1    -1    -1    -1    -1    -1    -1
   -1     1     4     8    14     8     4     1    -1    -1    -1    -1    -1    -1    -1    -1    -1    -1    -1    -1    -1
   -1     1     4    12    18    18    12     4     1    -1    -1    -1    -1    -1    -1    -1    -1    -1    -1    -1    -1
   -1     1     5    13    30    36    30    13     5     1    -1    -1    -1    -1    -1    -1    -1    -1    -1    -1    -1
   -1     1     5    17    34    62    62    34    17     5     1    -1    -1    -1    -1    -1    -1    -1    -1    -1    -1
   -1     1     6    20    46    71   112    71    46    20     6     1    -1    -1    -1    -1    -1    -1    -1    -1    -1
   -1     1     6    26    59   104   137   137   104    59    26     6     1    -1    -1    -1    -1    -1    -1    -1    -1
   -1     1     7    28    77   146   215   245   215   146    77    28     7     1    -1    -1    -1    -1    -1    -1    -1
   -1     1     7    35    93   199   326   412   412   326   199    93    35     7     1    -1    -1    -1    -1    -1    -1
   -1     1     8    37   117   265   474   665   747   665   474   265   117    37     8     1    -1    -1    -1    -1    -1
   -1     1     8    44   140   351   673  1039  1286  1286  1039   673   351   140    44     8     1    -1    -1    -1    -1
   -1     1     9    48   170   452   937  1567  2117  2344  2117  1567   937   452   170    48     9     1    -1    -1    -1
   -1     1     9    55   202   571  1282  2306  3400  4118  4118  3400  2306  1282   571   202    55     9     1    -1    -1
   -1     1    10    59   238   719  1717  3317  5264  6949  7591  6949  5264  3317  1717   719   238    59    10     1    -1
