   -1    -1    -1    -1    -1    -1    -1    -1    -1    -1    -1    -1    -1    -1    -1    -1    -1    -1    -1    -1    -1
   -1    -1    -1    -1    -1    -1    -1    -1    -1    -1    -1    -1    -1    -1    -1    -1    -1    -1    -1    -1    -1
   -1    -1    -1    -1    -1    -1    -1    -1    -1    -1    -1    -1    -1    -1    -1    -1    -1    -1    -1    -1    -1
   -1    -1     1    -1    -1    -1    -1    -1    -1    -1    -1    -1    -1    -1    -1    -1    -1    -1    -1    -1    -1
   -1    -1     2     4     1    -1    -1    -1    -1    -1    -1    -1    -1    -1    -1    -1    -1    -1    -1    -1    -1
   -1    -1     2     4     5     1    -1    -1    -1    -1    -1    -1    -1    -1    -1    -1    -1    -1    -1    -1    -1
   -1    -1     3     4    15     6    -1    -1    -1    -1    -1    -1    -1    -1    -1    -1    -1    -1    -1    -1    -1
   -1    -1     3     5    15    21     7    -1    -1    -1    -1    -1    -1    -1    -1    -1    -1    -1    -1    -1    -1
   -1    -1     4     8    17    56    28     8    -1    -1    -1    -1    -1    -1    -1    -1    -1    -1    -1    -1    -1
   -1    -1     4     8    21    56    84    36     9    -1    -1    -1    -1    -1    -1    -1    -1    -1    -1    -1    -1
   -1    -1     5     8    28    66   210   120    45    10    -1    -1    -1    -1    -1    -1    -1    -1    -1    -1    -1
   -1    -1     5     9    36    91   210   330   165    55    11    -1    -1    -1    -1    -1    -1    -1    -1    -1    -1
   -1    -1     6    12    45   120   262   792   495   220    66    12    -1    -1    -1    -1    -1    -1    -1    -1    -1
   -1    -1     6    12    55   165   372   792  1287   715   286    78    13    -1    -1    -1    -1    -1    -1    -1    -1
   -1    -1     7    12    66   220   525  1016  3003  2002  1001   364    91    14    -1    -1    -1    -1    -1    -1    -1
   -1    -1     7    13    78   286   715  1485  3003  5005  3003  1365   455   105    15    -1    -1    -1    -1    -1    -1
   -1    -1     8    16    91   364  1001  2200  3985 11440  8008  4368  1820   560   120    16    -1    -1    -1    -1    -1
   -1    -1     8    16   105   455  1365  3146  5995 11440 19448 12376  6188  2380   680   136    17    -1    -1    -1    -1
   -1    -1     9    16   120   560  1820  4368  9009 15490    -1 31824 18564  8568  3060   816   153    18    -1    -1    -1
   -1    -1     9    17   136   680  2380  6188    -1    -1    -1    -1    -1    -1    -1    -1    -1    -1    -1    -1    -1
   -1    -1    -1    -1   153   816    -1    -1    -1    -1    -1    -1    -1    -1    -1    -1    -1    -1    -1    -1    -1
