   -1    -1    -1    -1    -1    -1    -1    -1    -1    -1    -1    -1    -1
   -1     1    -1    -1    -1    -1    -1    -1    -1    -1    -1    -1    -1
   -1     2    -1    -1    -1    -1    -1    -1    -1    -1    -1    -1    -1
   -1     3    -1     1    -1    -1    -1    -1    -1    -1    -1    -1    -1
   -1     4    -1    -1     1    -1    -1    -1    -1    -1    -1    -1    -1
   -1     4    -1    -1     5     1    -1    -1    -1    -1    -1    -1    -1
   -1     5    -1    -1    -1     6     1    -1    -1    -1    -1    -1    -1
   -1     7    -1    -1    -1    21     7     1    -1    -1    -1    -1    -1
   -1     6    -1    -1    -1    -1    28     8     1    -1    -1    -1    -1
   -1     8    -1    -1    -1    -1    84    36     9     1    -1    -1    -1
   -1     9    -1    -1    -1    -1    -1   120    45    10     1    -1    -1
   -1     9    -1    -1    -1    -1    -1   330   165    55    11     1    -1
   -1    10    -1    -1    -1    -1    -1    -1   495   220    66    12     1
