   -1    -1    -1    -1    -1    -1    -1    -1    -1    -1    -1    -1    -1
   -1    -1    -1    -1    -1    -1    -1    -1    -1    -1    -1    -1    -1
   -1    -1     1    -1    -1    -1    -1    -1    -1    -1    -1    -1    -1
   -1    -1     3     1    -1    -1    -1    -1    -1    -1    -1    -1    -1
   -1    -1     6     1     1    -1    -1    -1    -1    -1    -1    -1    -1
   -1    -1     8     2     5     1    -1    -1    -1    -1    -1    -1    -1
   -1    -1    10     4     5     6     1    -1    -1    -1    -1    -1    -1
   -1    -1    16     7     5    21     7     1    -1    -1    -1    -1    -1
   -1    -1    20     8    10    21    28     8     1    -1    -1    -1    -1
   -1    -1    25    12    11    21    84    36     9     1    -1    -1    -1
   -1    -1    29    13    12    27    84   120    45    10     1    -1    -1
   -1    -1    39    17    18    37    91   330   165    55    11     1    -1
   -1    -1    44    20    20    57    92   330   495   220    66    12     1
