   -1    -1    -1    -1    -1    -1    -1    -1    -1    -1    -1    -1    -1    -1    -1    -1    -1    -1    -1    -1    -1
   -1    -1    -1    -1    -1    -1    -1    -1    -1    -1    -1    -1    -1    -1    -1    -1    -1    -1    -1    -1    -1
   -1     1    -1    -1    -1    -1    -1    -1    -1    -1    -1    -1    -1    -1    -1    -1    -1    -1    -1    -1    -1
   -1     1     1    -1    -1    -1    -1    -1    -1    -1    -1    -1    -1    -1    -1    -1    -1    -1    -1    -1    -1
   -1     1     1     1    -1    -1    -1    -1    -1    -1    -1    -1    -1    -1    -1    -1    -1    -1    -1    -1    -1
   -1     1     1     1     1    -1    -1    -1    -1    -1    -1    -1    -1    -1    -1    -1    -1    -1    -1    -1    -1
   -1     1     1     4     1     1    -1    -1    -1    -1    -1    -1    -1    -1    -1    -1    -1    -1    -1    -1    -1
   -1     1     1     5     5     1     1    -1    -1    -1    -1    -1    -1    -1    -1    -1    -1    -1    -1    -1    -1
   -1     1     1     6    17     6     1     1    -1    -1    -1    -1    -1    -1    -1    -1    -1    -1    -1    -1    -1
   -1     1     1     7    21    21     7     1     1    -1    -1    -1    -1    -1    -1    -1    -1    -1    -1    -1    -1
   -1     1     1     8    28    66    28     8     1     1    -1    -1    -1    -1    -1    -1    -1    -1    -1    -1    -1
   -1     1     1     9    36    91    91    36     9     1     1    -1    -1    -1    -1    -1    -1    -1    -1    -1    -1
   -1     1     1    10    45   120   262   120    45    10     1     1    -1    -1    -1    -1    -1    -1    -1    -1    -1
   -1     1     1    11    55   165   372   372   165    55    11     1     1    -1    -1    -1    -1    -1    -1    -1    -1
   -1     1     1    12    66   220   525  1016   525   220    66    12     1     1    -1    -1    -1    -1    -1    -1    -1
   -1     1     1    13    78   286   715  1485  1485   715   286    78    13     1     1    -1    -1    -1    -1    -1    -1
   -1     1     1    14    91   276   820  2200  3985  2200   820   276    91    14     1     1    -1    -1    -1    -1    -1
   -1     1     1    15   105   325   720  1756  5995  5995  1756   720   325   105    15     1     1    -1    -1    -1    -1
   -1     1     1    16   120   281    -1    -1    -1    -1    -1    -1    -1   281   120    16     1     1    -1    -1    -1
   -1    -1    -1    -1    -1    -1    -1    -1    -1    -1    -1    -1    -1    -1    -1    -1    -1    -1    -1    -1    -1
   -1    -1    -1    -1    -1    -1    -1    -1    -1    -1    -1    -1    -1    -1    -1    -1    -1    -1    -1    -1    -1
