   -1    -1    -1    -1    -1    -1    -1    -1    -1    -1
    1    -1    -1    -1    -1    -1    -1    -1    -1    -1
    9     5    -1    -1    -1    -1    -1    -1    -1    -1
   36     8    13    -1    -1    -1    -1    -1    -1    -1
   84    28    12    30    -1    -1    -1    -1    -1    -1
  126    66    27    12    36    -1    -1    -1    -1    -1
   -1    -1    84    28    12    30    -1    -1    -1    -1
   -1    -1    -1    -1    36     8    13    -1    -1    -1
   -1    -1    -1    -1    -1    -1     9     5    -1    -1
   -1    -1    -1    -1    -1    -1    -1    -1     1    -1
