   -1    -1    -1    -1    -1    -1    -1    -1    -1    -1    -1    -1    -1
   -1    -1    -1    -1    -1    -1    -1    -1    -1    -1    -1    -1    -1
   -1    -1     1    -1    -1    -1    -1    -1    -1    -1    -1    -1    -1
   -1    -1     3     1     0    -1    -1    -1    -1    -1    -1    -1    -1
   -1    -1     6     4     1     0    -1    -1    -1    -1    -1    -1    -1
   -1    -1     8     9     5     1    -1    -1    -1    -1    -1    -1    -1
   -1    -1    10    17     5     6     1    -1    -1    -1    -1    -1    -1
   -1    -1    16    25     7    21     7     1    -1    -1    -1    -1    -1
   -1    -1    20    39    14    21    28     8     1    -1    -1    -1    -1
   -1    -1    25    58    18    21    84    36     9     1    -1    -1    -1
   -1    -1    29    74    30    27    84   120    45    10     1    -1    -1
   -1    -1    39   101    34    37    91   330   165    55    11     1    -1
   -1    -1    44   127    51    57    92   330   495   220    66    12     1
